{
 "cells": [
  {
   "cell_type": "code",
   "execution_count": 113,
   "metadata": {},
   "outputs": [
    {
     "name": "stdout",
     "output_type": "stream",
     "text": [
      "Hamiltonian H:\n",
      " [[ 0.49671415 -0.34132351  0.49565341  0.74360191  0.03098345  0.2784475\n",
      "   0.9195478   0.26102331 -0.12769032 -0.11513259 -0.62796922 -0.35914895\n",
      "   0.26147707 -0.54393195 -1.27520751 -0.02147051 -0.88598189  0.21727148\n",
      "  -0.58871545 -0.75966703  0.66886559 -0.43820943  0.16362535 -0.12848306]\n",
      " [-0.34132351  0.11092259 -1.45701687  0.97017084 -0.16979171 -0.6005406\n",
      "   0.09005813  0.54927101 -0.629618   -0.64726477  0.35390424 -1.23431342\n",
      "  -0.20691796 -0.57308024 -0.82478595  0.86480007  0.44443018  0.34290356\n",
      "   0.30094699 -0.66817301 -1.21703122 -0.6034848  -0.6824777   0.65577153]\n",
      " [ 0.49565341 -1.45701687  0.32408397 -1.50241369 -0.33590427  1.0072353\n",
      "  -0.10297559  0.02088284 -0.3330183  -0.39728796  0.41812536  1.30397822\n",
      "  -0.34364824  0.55990992 -0.34670176 -0.65248339  0.5771409   1.03392745\n",
      "   0.71517347  0.2249418  -0.62240515 -0.61875684  0.49999403  0.93781961]\n",
      " [ 0.74360191  0.97017084 -1.50241369  0.8219025  -0.07377003 -0.85042921\n",
      "  -0.61434792 -1.4016896   0.08282275  0.21949336  1.17182462 -0.9742058\n",
      "  -0.65074727 -0.2403766   0.17583878  0.36523142  0.67320532 -0.30568733\n",
      "   0.08558616 -0.11461645 -0.24929473 -0.59582646 -1.02681411 -0.93769596]\n",
      " [ 0.03098345 -0.16979171 -0.33590427 -0.07377003 -1.41537074  0.08310589\n",
      "   0.08961352 -0.43968949 -0.52257157  1.35935471  0.34294475 -0.13273334\n",
      "  -0.16590718  0.30375353 -1.37049581  0.33181506  0.50532702  0.46456397\n",
      "   0.71812729  1.13313624 -0.39553126 -0.5600782   0.53837151  0.1321634 ]\n",
      " [ 0.2784475  -0.6005406   1.0072353  -0.85042921  0.08310589  2.19045563\n",
      "  -0.34677583 -0.11257288  0.12668824 -1.18537042 -0.94258233  0.09965178\n",
      "  -0.10635081  0.08166284 -0.33786851  0.57435697 -0.68007847  0.47780765\n",
      "  -0.28329212 -0.59780038 -0.59739689  0.23809632 -1.40924972 -0.12396216]\n",
      " [ 0.9195478   0.09005813 -0.10297559 -0.61434792  0.08961352 -0.34677583\n",
      "   0.25049285  0.3115695  -0.310908    0.45925694 -0.09093642  0.36346094\n",
      "   1.111395    0.39899964 -0.47316846  0.44032305 -0.93654817  0.55969931\n",
      "  -0.27239343 -0.76020391  0.15840162  0.34161888  0.08511203  1.14562256]\n",
      " [ 0.26102331  0.54927101  0.02088284 -1.4016896  -0.43968949 -0.11257288\n",
      "   0.3115695   0.82718325 -0.5649842  -0.0795909  -0.45899303  0.64215351\n",
      "  -0.03362112 -0.49365031 -0.78891784  0.24753241  0.13422819 -0.01724302\n",
      "   0.20884496  0.0705755  -0.96417086 -0.78254267 -0.19955814  0.21770716]\n",
      " [-0.12769032 -0.629618   -0.3330183   0.08282275 -0.52257157  0.12668824\n",
      "  -0.310908   -0.5649842   0.35778736  0.04442633  1.42425274  1.1084829\n",
      "  -0.23903475 -0.42041454  0.02199848  0.30573102 -0.40259276  2.70194173\n",
      "   0.47747798  0.5116188   1.3205717   0.2062216  -0.5878413   0.52437204]\n",
      " [-0.11513259 -0.64726477 -0.39728796  0.21949336  1.35935471 -1.18537042\n",
      "   0.45925694 -0.0795909   0.04442633  1.0889506   0.23463087 -0.53375586\n",
      "  -0.20400209  0.63737739 -0.24915835 -0.2782756   0.9385153  -0.26796286\n",
      "   1.05562467  0.20647471 -0.57175141 -0.36055467 -0.523171    1.46391707]\n",
      " [-0.62796922  0.35390424  0.41812536  1.17182462  0.34294475 -0.94258233\n",
      "  -0.09093642 -0.45899303  1.42425274  0.23463087 -1.26088395 -0.03182335\n",
      "   1.46750916  0.10712229 -1.48372715 -0.22986195  1.22317563  0.23581386\n",
      "  -0.81181134  0.69440038 -0.46745156 -0.31814834 -1.11748727 -0.07663147]\n",
      " [-0.35914895 -1.23431342  1.30397822 -0.9742058  -0.13273334  0.09965178\n",
      "   0.36346094  0.64215351  1.1084829  -0.53375586 -0.03182335  0.46210347\n",
      "   0.41434427  0.7460852  -0.66883084  0.05634235 -0.17782915  0.36482458\n",
      "   0.74844839 -0.24015389  1.80648876 -0.59834829 -0.36433848  0.13114684]\n",
      " [ 0.26147707 -0.20691796 -0.34364824 -0.65074727 -0.16590718 -0.10635081\n",
      "   1.111395   -0.03362112 -0.23903475 -0.20400209  1.46750916  0.41434427\n",
      "  -0.82899501 -0.78309921  0.01442469  1.03075694 -0.86701806  1.08903765\n",
      "  -0.0134023  -0.56103627  0.31223284  0.14936227  0.30900545  1.14999539]\n",
      " [-0.54393195 -0.57308024  0.55990992 -0.2403766   0.30375353  0.08166284\n",
      "   0.39899964 -0.49365031 -0.42041454  0.63737739  0.10712229  0.7460852\n",
      "  -0.78309921 -1.21418861  0.47233186  0.87546676  0.9889961   1.19184318\n",
      "   0.32871289 -0.73653631 -0.39273982 -0.82735848 -0.07729356 -0.27756638]\n",
      " [-1.27520751 -0.82478595 -0.34670176  0.17583878 -1.37049581 -0.33786851\n",
      "  -0.47316846 -0.78891784  0.02199848 -0.24915835 -1.48372715 -0.66883084\n",
      "   0.01442469  0.47233186  0.31090757  1.81426934  0.37155989 -0.20445134\n",
      "   0.17379102 -0.63879053  0.75230547 -0.09466317  0.42626137 -1.43267774]\n",
      " [-0.02147051  0.86480007 -0.65248339  0.36523142  0.33181506  0.57435697\n",
      "   0.44032305  0.24753241  0.30573102 -0.2782756  -0.22986195  0.05634235\n",
      "   1.03075694  0.87546676  1.81426934 -0.76734756  1.05506847  0.57745648\n",
      "   0.62496157 -1.55510973 -0.1504059   0.07599724 -0.34116355 -0.76692067]\n",
      " [-0.88598189  0.44443018  0.5771409   0.67320532  0.50532702 -0.68007847\n",
      "  -0.93654817  0.13422819 -0.40259276  0.9385153   1.22317563 -0.17782915\n",
      "  -0.86701806  0.9889961   0.37155989  1.05506847 -1.59442766  0.02300046\n",
      "  -0.25431161 -0.73410523 -0.74365581 -0.52327767 -1.76963246 -1.0065857 ]\n",
      " [ 0.21727148  0.34290356  1.03392745 -0.30568733  0.46456397  0.47780765\n",
      "   0.55969931 -0.01724302  2.70194173 -0.26796286  0.23581386  0.36482458\n",
      "   1.08903765  1.19184318 -0.20445134  0.57745648  0.02300046  1.36863156\n",
      "  -1.01206849  1.02646286  0.4340429  -0.60768965 -0.99007688 -1.19537283]\n",
      " [-0.58871545  0.30094699  0.71517347  0.08558616  0.71812729 -0.28329212\n",
      "  -0.27239343  0.20884496  0.47747798  1.05562467 -0.81181134  0.74844839\n",
      "  -0.0134023   0.32871289  0.17379102  0.62496157 -0.25431161 -1.01206849\n",
      "  -0.0626791   1.30005502 -0.93067215 -0.07928862  0.02340725 -0.38722723]\n",
      " [-0.75966703 -0.66817301  0.2249418  -0.11461645  1.13313624 -0.59780038\n",
      "  -0.76020391  0.0705755   0.5116188   0.20647471  0.69440038 -0.24015389\n",
      "  -0.56103627 -0.73653631 -0.63879053 -1.55510973 -0.73410523  1.02646286\n",
      "   1.30005502 -0.24903604 -0.40312138  0.44092441  1.43791771  1.39800611]\n",
      " [ 0.66886559 -1.21703122 -0.62240515 -0.24929473 -0.39553126 -0.59739689\n",
      "   0.15840162 -0.96417086  1.3205717  -0.57175141 -0.46745156  1.80648876\n",
      "   0.31223284 -0.39273982  0.75230547 -0.1504059  -0.74365581  0.4340429\n",
      "  -0.93067215 -0.40312138  0.92617755  0.57307874 -0.51371085  0.44494831]\n",
      " [-0.43820943 -0.6034848  -0.61875684 -0.59582646 -0.5600782   0.23809632\n",
      "   0.34161888 -0.78254267  0.2062216  -0.36055467 -0.31814834 -0.59834829\n",
      "   0.14936227 -0.82735848 -0.09466317  0.07599724 -0.52327767 -0.60768965\n",
      "  -0.07928862  0.44092441  0.57307874 -1.8048821  -1.11576381 -0.08550779]\n",
      " [ 0.16362535 -0.6824777   0.49999403 -1.02681411  0.53837151 -1.40924972\n",
      "   0.08511203 -0.19955814 -0.5878413  -0.523171   -1.11748727 -0.36433848\n",
      "   0.30900545 -0.07729356  0.42626137 -0.34116355 -1.76963246 -0.99007688\n",
      "   0.02340725  1.43791771 -0.51371085 -1.11576381  0.08658979  0.33686417]\n",
      " [-0.12848306  0.65577153  0.93781961 -0.93769596  0.1321634  -0.12396216\n",
      "   1.14562256  0.21770716  0.52437204  1.46391707 -0.07663147  0.13114684\n",
      "   1.14999539 -0.27756638 -1.43267774 -0.76692067 -1.0065857  -1.19537283\n",
      "  -0.38722723  1.39800611  0.44494831 -0.08550779  0.33686417 -2.21113531]]\n"
     ]
    }
   ],
   "source": [
    "import numpy as np\n",
    "from scipy.linalg import expm, eigh\n",
    "\n",
    "# Step 1: Define the Quantum System (Hamiltonian H)\n",
    "# -------------------------------------------------------------------------------\n",
    "# a random symmetric (Hermitian) matrix.\n",
    "n_size=24\n",
    "np.random.seed(42)\n",
    "A = np.random.randn(n_size, n_size)\n",
    "H = (A + A.T) / 2  \n",
    "print(\"Hamiltonian H:\\n\", H)"
   ]
  },
  {
   "cell_type": "code",
   "execution_count": 114,
   "metadata": {},
   "outputs": [
    {
     "name": "stdout",
     "output_type": "stream",
     "text": [
      "Initial state phi0:\n",
      " [1. 0. 0. 0. 0. 0. 0. 0. 0. 0. 0. 0. 0. 0. 0. 0. 0. 0. 0. 0. 0. 0. 0. 0.]\n"
     ]
    }
   ],
   "source": [
    "# Step 2: Choose an Initial Reference State\n",
    "# -------------------------------------------------------------------------------\n",
    "# Physically, this should overlap with Hartree-Fock.\n",
    "phi0 = np.zeros(n_size)\n",
    "phi0[0] = 1.0  # Start fully in the first basis state.\n",
    "print(\"Initial state phi0:\\n\", phi0)"
   ]
  },
  {
   "cell_type": "code",
   "execution_count": 191,
   "metadata": {},
   "outputs": [
    {
     "name": "stdout",
     "output_type": "stream",
     "text": [
      "Generated 25 time-evolved states.\n",
      "(25, 24)\n"
     ]
    }
   ],
   "source": [
    "############################################################\n",
    "# Step 3: Evolve the State in Real Time\n",
    "# -------------------------------------------------------------------------------\n",
    "# Generate M time-evolved states: |n> = exp(-i H n dt) |phi0>\n",
    "T = 10.0                    # Total time\n",
    "M = 25                      # Time-steps in the simulation\n",
    "delta_t = T/M               # Time-step size\n",
    "states = []\n",
    "for n in range(M):\n",
    "    # Matrix exponential for time evolution\n",
    "    U = expm(-1j * H * n * delta_t)\n",
    "    states.append(U @ phi0)\n",
    "states = np.array(states)  # shape (M, n_size): holds all |n> states\n",
    "\n",
    "print(f\"Generated {M} time-evolved states.\")\n",
    "print(np.shape(states))"
   ]
  },
  {
   "cell_type": "code",
   "execution_count": 192,
   "metadata": {},
   "outputs": [
    {
     "name": "stdout",
     "output_type": "stream",
     "text": [
      "Constructed 24 filtered states.\n",
      "[[ 7.26349240e-01-2.78730090e-01j -1.35560138e-01+2.09590765e-01j\n",
      "  -1.67548797e-01+3.87645655e-01j -4.09859143e-02-1.02473925e-02j\n",
      "  -1.25490773e-01+1.22202237e-01j -7.35797906e-03+6.48365093e-02j\n",
      "  -5.49090522e-02+2.93811910e-01j  5.68281178e-02+5.10010303e-02j\n",
      "   1.07420572e-04+2.80444228e-01j -8.50989919e-02+7.16154703e-02j\n",
      "   2.44405296e-01-3.97020579e-01j  2.51922709e-01-1.64842535e-01j\n",
      "  -2.26020543e-01+4.69353981e-01j -4.69406464e-02-1.83859159e-02j\n",
      "   1.19665116e-01-5.00808149e-01j -1.12775778e-01+9.10394733e-02j\n",
      "   9.41735332e-02-3.27476405e-01j  6.95187949e-02-2.34790183e-01j\n",
      "   1.69781958e-01-4.59357601e-01j -7.76892965e-02+1.65212944e-01j\n",
      "  -8.93413563e-02+9.36799996e-02j  9.85476517e-03-1.38957620e-01j\n",
      "  -1.20493926e-03-2.01573046e-01j  1.97546671e-01-5.14094873e-01j]\n",
      " [ 6.41002357e-01-3.21893503e-01j  2.64356029e-02-1.76295156e-01j\n",
      "  -4.33484888e-03-8.15971605e-02j -6.47801958e-02-3.33974430e-03j\n",
      "  -6.64834011e-02+7.06714099e-02j -1.23454802e-02+1.16032440e-01j\n",
      "   2.84214325e-02+1.40103814e-01j  5.24612903e-02+1.04055784e-02j\n",
      "   1.75181836e-01-3.40529287e-01j -1.65467141e-02-1.18452854e-01j\n",
      "   3.70388564e-02+2.35804116e-01j  1.86099293e-01-1.35133249e-01j\n",
      "   1.90243018e-02-1.93723281e-01j  2.90650600e-02-3.85189936e-01j\n",
      "  -3.86723709e-03-2.89607721e-01j -8.62619470e-02+1.44464813e-01j\n",
      "   1.04809028e-02-2.37235845e-01j -1.48634296e-01+5.17314566e-01j\n",
      "  -4.57780625e-02+5.77629894e-02j  1.07658307e-01-4.72245983e-01j\n",
      "  -9.49012919e-02+4.85681231e-02j -4.71229918e-02+3.57760419e-02j\n",
      "  -1.22728774e-01+1.31731748e-01j -1.29672050e-01+4.66834619e-01j]\n",
      " [ 5.86212306e-01-5.61104026e-01j  2.37356593e-02-1.46550225e-01j\n",
      "  -4.18793924e-02+1.02208785e-01j -1.01922024e-01+6.16943687e-02j\n",
      "  -3.08065643e-02+9.13338103e-02j  5.44798067e-03+5.79235705e-02j\n",
      "   4.55489175e-02+1.62036353e-01j  3.05141620e-02-1.26786829e-02j\n",
      "   9.44527655e-02-2.72643393e-01j -3.18737924e-02-3.41631439e-02j\n",
      "   1.12886511e-01+1.60868149e-02j  1.59313779e-01-2.82285975e-01j\n",
      "  -2.43226863e-02-7.23937556e-02j -4.94107635e-02-3.54107069e-01j\n",
      "  -2.36064855e-02-4.40757988e-01j -4.49741917e-02+2.76122375e-01j\n",
      "  -4.31827466e-02-3.58094275e-01j -5.01893831e-02+3.76143594e-01j\n",
      "  -4.47862703e-02-6.23921758e-02j  3.04623804e-02-3.71234354e-01j\n",
      "  -1.23832800e-01+1.36510183e-01j -2.94050928e-02-6.86236349e-02j\n",
      "  -1.11440886e-01+5.89466032e-02j -4.01865528e-02+2.04055556e-01j]\n",
      " [ 4.70876209e-01-8.81570016e-01j  6.62006628e-03-3.43321970e-01j\n",
      "  -1.68244060e-02+2.24215265e-01j -1.53385779e-01+7.86622451e-02j\n",
      "  -5.78828083e-03-5.63913093e-02j -1.63676324e-02-6.08126613e-02j\n",
      "   6.23986804e-02+1.57329698e-01j -2.08015313e-02-1.02135952e-01j\n",
      "  -8.53002411e-05-4.09230070e-01j -9.43390361e-03+3.84082949e-02j\n",
      "   1.66100094e-01-5.73212923e-02j  9.40460195e-02-4.80907247e-01j\n",
      "  -8.74491562e-02-2.14435000e-01j -1.50954836e-01-5.00297175e-01j\n",
      "  -1.01202106e-01-7.38644200e-01j  1.06399391e-01+6.79648928e-01j\n",
      "  -2.24560892e-01-6.56390862e-01j  1.34481174e-02+4.00064569e-01j\n",
      "  -9.01962066e-02-7.76442910e-02j -2.35202052e-03-3.35379713e-01j\n",
      "  -1.28715913e-01+2.58402407e-01j -9.18293983e-02-3.63864086e-01j\n",
      "  -1.69608252e-01-7.86033221e-02j -4.06082161e-02+8.58295388e-02j]\n",
      " [ 4.71329287e-01-9.87962712e-01j  3.73676601e-01-6.15369765e-02j\n",
      "   2.09124156e-01+3.44439021e-01j  7.75566337e-02+8.94937168e-01j\n",
      "   6.63471491e-01+6.25085742e-01j  6.14155930e-02+2.39128958e-01j\n",
      "  -1.92236980e-02+1.46917207e-01j  2.60920433e-01+4.44867560e-01j\n",
      "   1.65190427e-01+2.52711427e-01j -1.99465498e-02-2.66273084e-01j\n",
      "   2.43278995e-01-9.03831381e-01j  1.56905785e-01-5.71965678e-01j\n",
      "   1.03181694e-01+7.15710763e-01j  7.27798009e-02+8.52328124e-03j\n",
      "   3.48861103e-01-4.48831616e-01j -3.97366809e-01-6.73903843e-01j\n",
      "  -3.32470990e-01+7.82631572e-01j  1.74368943e-02+4.34270927e-01j\n",
      "  -1.84020048e-01+1.58210827e-01j -3.87939902e-01-1.02281986e+00j\n",
      "  -1.56233123e-01+4.03391759e-01j  5.50996477e-01+7.61068484e-01j\n",
      "   5.31576550e-02+8.65789110e-01j  3.28440283e-02+5.00251527e-01j]\n",
      " [-1.18618293e-01-2.26945458e+00j  2.46560613e-02-2.43037961e-01j\n",
      "   2.62755302e-01+1.46787335e+00j  2.92254792e-01+1.61775860e+00j\n",
      "   9.36635899e-02+5.73172055e-01j  1.56342220e-01+1.50616203e-01j\n",
      "   1.40298206e-01-2.82123512e-02j  1.72427831e-01+1.03704837e+00j\n",
      "   7.11898277e-03-1.81663493e-01j  9.92600311e-02+3.99076155e-01j\n",
      "  -1.85474554e-01-3.57386923e-01j -2.63831410e-01-1.33470716e+00j\n",
      "   1.60019061e-01+5.40773130e-02j -3.09586075e-01-1.96360469e-01j\n",
      "  -5.80800284e-01-1.43154108e+00j  2.46291674e-02+3.16127314e-01j\n",
      "   1.33213749e-01-9.05704793e-01j  3.07013656e-01+7.70965444e-01j\n",
      "   2.06188157e-02+2.71837640e-01j -5.24509409e-01-1.89470841e+00j\n",
      "   2.34196950e-01+1.36861015e+00j  3.77084611e-01+1.15388720e+00j\n",
      "   5.00856235e-01+1.37496224e+00j -9.64033738e-02-2.52593116e-01j]\n",
      " [ 1.28588146e+00+2.05293400e+00j  6.48563373e-01+1.22364431e+00j\n",
      "  -7.46299572e-01-1.87245454e+00j -9.96440959e-01-2.27657654e+00j\n",
      "   2.09675454e-01+1.70557335e-01j  2.04405731e-01+4.94023272e-01j\n",
      "   4.34202706e-01+9.15362913e-01j -8.77773745e-01-1.63870973e+00j\n",
      "  -1.19737584e-01-3.33314128e-01j  2.99363597e-02-1.88150930e-01j\n",
      "   8.67274557e-02+8.91968112e-01j  1.16047833e+00+2.02720048e+00j\n",
      "   7.59651899e-02+3.43691312e-05j -8.52943664e-01-7.09825514e-01j\n",
      "   9.98602826e-01+2.92810216e+00j -4.24596279e-01-1.46591137e+00j\n",
      "   7.70568076e-01+1.28794258e+00j -4.16692682e-02-6.13193868e-01j\n",
      "  -5.70857580e-01-5.93206703e-01j  8.41756276e-01+2.29112631e+00j\n",
      "  -9.50630934e-01-1.43897361e+00j -4.02172355e-01-1.70960736e+00j\n",
      "  -4.30137435e-01-1.39255667e+00j -4.22460976e-02-1.54983598e-01j]\n",
      " [ 1.43910793e+00+7.38427454e-01j  3.30084711e-01+3.63443037e-01j\n",
      "  -9.10453729e-01-8.83685288e-01j -6.37500102e-01-2.99256650e-01j\n",
      "  -1.01339819e+00-9.53031929e-01j  1.63418172e-01+2.14189515e-01j\n",
      "  -9.44524387e-01-6.73190121e-01j -2.15447172e-02-1.23447995e-01j\n",
      "  -4.66246588e-01-6.19300254e-01j -3.04051796e-01-1.05448402e-01j\n",
      "   5.16789660e-01+3.57305719e-01j -4.31503082e-01+2.99651227e-01j\n",
      "   7.22181876e-01+4.31482463e-01j  2.54049859e+00+2.03676816e+00j\n",
      "  -1.36004482e-01+5.54784913e-01j  2.07947143e-01+3.40754614e-02j\n",
      "  -1.81664842e-01-1.62247724e-01j -1.86475657e-01-2.16979935e-01j\n",
      "   1.07764979e-01-2.31636700e-01j  1.08932408e+00+1.42380782e+00j\n",
      "   2.04714911e-01-3.68552050e-02j  4.47045744e-01+1.74508749e-01j\n",
      "  -3.30722570e-01-4.24578005e-01j  9.10786786e-01+8.89341827e-01j]\n",
      " [ 7.23048121e-01-3.51885183e-01j  4.87648863e-01+2.26472671e-01j\n",
      "  -3.27692313e-03-1.03381896e-01j -3.04746940e-01+6.11105728e-01j\n",
      "   3.02758814e-01-1.97780234e-01j  2.86035506e-01+4.35064974e-01j\n",
      "   1.60623608e-01+3.14437425e-01j -8.22918936e-02+1.71359452e-01j\n",
      "  -3.65730667e-01-7.48352212e-01j -2.92968529e-01+3.50301129e-02j\n",
      "   2.44338854e-01+1.91171306e-02j -2.76900621e-01+4.33210164e-01j\n",
      "   1.31787474e-02+5.27758705e-02j  3.21573102e-01+3.30209579e-01j\n",
      "   3.76126961e-01+9.21195421e-01j  4.40093299e-01-2.03347100e-01j\n",
      "   4.86971506e-01+1.87221690e-02j -1.10463280e-01+4.23596716e-02j\n",
      "  -3.14064410e-01-4.06368334e-01j  8.90499471e-01+1.10635242e+00j\n",
      "   4.82879450e-01+3.03607425e-01j  6.44988619e-02-4.06531835e-01j\n",
      "  -1.14875070e-01-3.01277483e-01j  6.55157891e-01+6.01483175e-01j]\n",
      " [ 1.44947557e+00-5.29083836e-01j  1.43891679e+00-9.27014904e-01j\n",
      "   5.22130748e-01-1.49978803e+00j -2.12566065e+00-2.89733360e-01j\n",
      "   9.81186822e-01-5.09010371e-01j -6.24138456e-01+1.77043603e-01j\n",
      "  -1.28677991e+00+6.91599383e-01j -1.25775093e+00-1.81873259e-01j\n",
      "  -2.82731204e-01+2.07496602e+00j -1.79655590e-01-5.04267785e-02j\n",
      "  -2.08585483e-01+6.34621590e-01j -7.80050588e-01+7.05069372e-01j\n",
      "   2.73550223e-01-1.05346583e+00j -3.38911773e-01+9.96319276e-01j\n",
      "  -3.82362114e-01-4.50224145e-01j  8.10361563e-01-2.29820541e-01j\n",
      "   8.46212146e-01-5.77689873e-01j  1.93703350e-01-1.05597786e+00j\n",
      "   3.66533028e-01-5.97765562e-01j -2.13091678e-01-1.01216523e+00j\n",
      "   8.43648217e-01-1.81577862e+00j  6.86681575e-01-2.09778136e-01j\n",
      "  -1.50029908e-01+1.08424993e+00j  2.17872472e-01-5.06200348e-01j]\n",
      " [ 1.34444268e-01+7.16239232e-02j -5.95818959e-01+6.10324446e-01j\n",
      "  -1.09651599e+00+4.67565879e-01j -1.39435911e-01-8.25422429e-01j\n",
      "   5.20336638e-01+1.32977636e-01j  2.19160131e-01-8.30340645e-01j\n",
      "   5.81600419e-01-5.49859852e-03j -1.11414883e-01-7.11245406e-01j\n",
      "  -1.11910032e-01-2.40610477e-01j -3.11006932e-01-4.34438881e-01j\n",
      "   2.51438345e-01-3.40737064e-01j  2.85899000e-01-4.18940574e-02j\n",
      "  -6.94306067e-02-5.48852493e-01j  5.95060133e-01+6.28221283e-02j\n",
      "  -2.31580378e-01-1.69732951e-01j -6.56644861e-02+4.31576014e-02j\n",
      "  -1.20609569e-01+3.32595482e-01j -2.64447265e-02+1.20294459e-01j\n",
      "  -4.31328873e-01+6.13201445e-01j  1.82372872e-01+5.43523558e-02j\n",
      "  -5.24910699e-01+2.44250301e-01j  1.86097232e-01+9.23186046e-01j\n",
      "   2.60691635e-01-4.89658092e-01j -4.92622860e-01-2.52033051e-01j]\n",
      " [ 2.24616099e+00+4.27190700e-01j -1.99106180e+00-5.66862071e-01j\n",
      "   1.86882082e+00+6.09969114e-01j  3.67326348e-01-2.80607302e-01j\n",
      "  -2.72046059e+00-3.39550039e-01j -5.03692122e-01-4.31395464e-01j\n",
      "  -1.59263846e-01-9.15948142e-01j  1.26634407e+00+4.54858951e-01j\n",
      "   1.60315800e+00+2.84484578e-01j  1.23112212e+00+2.56784079e-01j\n",
      "   1.10050114e+00+4.23989088e-01j -1.81328845e+00-2.68865250e-01j\n",
      "   1.39533235e+00+6.04836909e-01j -1.86314276e+00-8.33346748e-01j\n",
      "   1.97401199e+00+4.92744395e-01j  7.90731925e-02+3.54937867e-01j\n",
      "   9.39935327e-02+3.86875886e-01j -3.93530341e-01-3.33027930e-01j\n",
      "   6.72912999e-01+3.91575490e-01j -8.99577733e-02-3.71942738e-03j\n",
      "  -1.88536253e+00-7.89634076e-02j  8.02565068e-01+3.58159656e-01j\n",
      "  -5.96871911e-01-2.62028208e-01j  1.60555786e-02-1.85802441e-01j]\n",
      " [ 6.60193057e-01-3.31090624e-01j -3.19046889e-01+1.17804921e-01j\n",
      "  -1.87027375e-01+2.74583280e-01j -2.01498688e-01-1.21053736e-01j\n",
      "  -4.76063792e-02+7.54809655e-02j -6.39484244e-02-3.07579470e-01j\n",
      "   8.51669096e-02-6.10259553e-01j  6.74517993e-02-4.98486461e-02j\n",
      "   1.48754096e-01-5.13668946e-02j  3.52534261e-01-3.15368254e-01j\n",
      "  -2.07420530e-01+2.73536827e-01j -3.68314649e-01+5.13982810e-01j\n",
      "  -2.92874028e-01+2.26546221e-01j  6.81516323e-02-2.44180063e-01j\n",
      "   2.87427846e-01-5.75047123e-02j -1.30980894e-01+2.52697387e-01j\n",
      "  -1.96340091e-02+2.56634645e-01j  2.23164680e-01-4.64076385e-01j\n",
      "  -2.87525389e-01+4.67745749e-01j  1.67032152e-02-1.61629495e-02j\n",
      "  -1.85451574e-01+2.66722052e-01j  6.23139959e-02+1.19907077e-01j\n",
      "   6.19282723e-02-1.31244236e-01j -1.63460946e-01-6.87248701e-02j]\n",
      " [ 4.83551009e+00-1.22926409e+00j  8.23538761e-01+3.22059652e-03j\n",
      "  -1.62519050e+00+2.53505763e-01j  2.97379712e+00-8.14048239e-01j\n",
      "   1.17453417e+00-3.23575841e-01j  6.39769346e-01-5.71449596e-01j\n",
      "  -7.67862602e-01-6.75143224e-01j  2.13376954e+00+3.17572094e-01j\n",
      "   1.98987405e+00-1.96320717e-01j  3.45068848e-01-1.53271250e-01j\n",
      "  -3.29037062e+00+5.19901890e-01j  2.01991669e+00+2.19837382e-01j\n",
      "  -2.41944465e+00+5.66904807e-02j -6.50672685e-01-1.85306965e-01j\n",
      "  -3.18519931e-01-2.10850182e-03j  1.43418324e+00-2.91436988e-01j\n",
      "  -1.78777236e+00+6.54138603e-01j  1.32893454e-01-3.91513524e-01j\n",
      "   5.14413414e+00-5.87166006e-01j  6.99848604e-01-9.42186229e-02j\n",
      "   9.37599793e-01+3.47150187e-01j -1.52925477e+00+4.03202685e-01j\n",
      "   4.27016197e-01-5.07082934e-01j -1.44280145e+00+1.23849996e-01j]\n",
      " [ 2.93219655e+00-2.63802005e+00j -1.06795590e+00+1.00172462e+00j\n",
      "   2.87814128e+00-1.07482303e+00j  1.44453742e+00-1.17106198e+00j\n",
      "  -3.68959876e-01-8.88285026e-01j -2.95650428e+00-1.98570284e-01j\n",
      "  -9.74419141e-01-1.22563610e+00j -2.79448745e-01+2.18262064e+00j\n",
      "  -1.67149921e+00+8.76510102e-01j -1.82621245e+00-1.94445789e-01j\n",
      "   8.64419145e-01+3.16685387e-01j  8.34015718e-01+1.64784987e+00j\n",
      "  -1.37016375e+00-1.25967560e-01j  1.52464556e+00-1.33591647e+00j\n",
      "  -4.25896758e-01-4.02037864e-01j -1.36878049e+00-7.90132893e-02j\n",
      "   1.42599909e+00+4.53008252e-01j  6.57398465e-01-1.65533426e+00j\n",
      "  -2.53827557e+00+1.17025951e+00j -1.10921446e+00+1.74316202e-01j\n",
      "   1.54234836e-03+1.01073941e+00j -2.70466064e+00+1.27297760e+00j\n",
      "   1.94853887e+00-2.09246517e+00j -1.66539535e+00+6.02899901e-01j]\n",
      " [ 6.98282603e-01+1.18346059e+00j -1.71176895e+00-2.23183059e-01j\n",
      "   2.81432731e-01+4.39686036e-01j  2.90186087e-01+3.28929317e-01j\n",
      "   5.71545374e-01+1.11613685e+00j  1.31722626e+00+2.45228790e-01j\n",
      "   2.81852190e-01+4.92524369e-01j -1.80571841e+00-1.61904215e+00j\n",
      "  -6.48286100e-01-1.99401961e-02j  2.36142563e+00-5.47468283e-02j\n",
      "   4.74033595e-02-9.04600374e-01j  4.75801107e-01-2.23188341e+00j\n",
      "  -5.68322319e-01+5.02653101e-01j  3.39619095e-01+8.26028525e-01j\n",
      "  -6.15936832e-01+1.31353368e+00j -6.31277730e-01+1.00911127e+00j\n",
      "   5.93723668e-01-8.80938594e-01j -2.06874654e+00+2.56621631e+00j\n",
      "  -1.01544688e-01+5.45353908e-02j -1.11047718e+00+1.03153641e+00j\n",
      "   1.16492297e+00-1.19949637e+00j  9.47017509e-01-7.72725425e-01j\n",
      "  -1.79419153e+00+2.49901488e+00j  6.34702170e-01-6.69562524e-01j]\n",
      " [-5.52647745e-01+7.63516707e-01j  4.77317936e-02-6.81952960e-01j\n",
      "  -1.84014226e-01+5.91137714e-01j -4.43099335e-01+4.86818260e-01j\n",
      "   1.27162078e-01+5.38430429e-01j -1.59667385e-01+4.63810993e-01j\n",
      "  -5.15720904e-02-3.22485892e-01j -3.45760123e-01-9.47965842e-01j\n",
      "   1.32433188e-01-1.11923317e-01j -9.61300423e-02+4.92436999e-01j\n",
      "  -1.41120184e-01-3.10158444e-01j -3.55078969e-01-5.05344792e-01j\n",
      "   3.02014827e-01-4.31832560e-01j  8.99453062e-03+4.23346370e-01j\n",
      "   6.43818898e-01+1.44771105e-01j  3.35578317e-01-4.98626599e-02j\n",
      "  -2.03405371e-01+5.78407613e-02j  3.54156669e-01+3.58253916e-01j\n",
      "   1.12964966e-01+1.48124329e-01j  3.71229789e-01+2.32666163e-01j\n",
      "  -1.05137727e-01-6.82162962e-02j  2.04399685e-01-2.14083193e-01j\n",
      "   4.99288850e-01+3.30227664e-01j -3.61865517e-02-2.77234968e-01j]\n",
      " [-5.76531911e-01+4.02564581e-01j -3.77463047e-01-5.07174024e-01j\n",
      "   3.23716089e-02+5.45420957e-01j -3.14423328e-01+1.33594291e-01j\n",
      "   1.74757573e-01+3.77424710e-01j -2.61978137e-01-1.06915419e-01j\n",
      "  -3.08187411e-01-1.54869933e-02j -6.02408028e-01-2.55739708e-01j\n",
      "   1.15026068e-01-1.39840407e-01j  1.65047142e-01+7.14466470e-01j\n",
      "  -2.39362097e-01-2.86579814e-01j -1.36107788e-01+5.45879009e-02j\n",
      "  -1.55944396e-05-2.25255152e-01j  2.04672858e-01+6.70333748e-01j\n",
      "   8.29076831e-01+3.60140515e-01j  2.30758410e-01+3.20534099e-01j\n",
      "  -3.53140559e-02+3.35477649e-01j  1.31590964e-01+2.48844938e-01j\n",
      "   2.81217307e-01+4.29590785e-01j  3.67012008e-01-7.73435825e-02j\n",
      "   1.53902448e-01-3.93834561e-02j  1.60209988e-01-3.79616303e-01j\n",
      "   4.96356843e-01+2.16625145e-01j -1.32622698e-01-2.08512679e-01j]\n",
      " [ 3.57368715e+00+1.67471675e+00j  3.00742265e+00+1.06282446e+00j\n",
      "  -1.42099047e+00+4.40075323e-01j  5.39763267e-01+2.33487620e-01j\n",
      "  -1.01504148e-01+3.60007710e-01j  1.31714575e+00+1.22340521e+00j\n",
      "   2.85266527e+00+9.06279303e-01j  1.53453901e+00+1.09524606e+00j\n",
      "  -7.01375172e-01-5.16784595e-01j -1.24027067e+00+8.26827169e-02j\n",
      "   9.76063027e-01+3.58646200e-01j -1.67629218e+00-4.49341329e-01j\n",
      "   2.17060127e+00+3.77923050e-01j -1.93597036e+00+5.99396599e-02j\n",
      "  -3.74295051e+00-1.73656047e+00j -1.66440886e-01+2.13670357e-01j\n",
      "  -1.37632121e+00+2.22301459e-01j  8.39945630e-01+7.41412931e-01j\n",
      "  -2.72251013e+00-4.71584569e-01j -1.42768626e+00-6.98059412e-01j\n",
      "  -4.99325921e-01-1.13714091e+00j  3.21856514e-01-4.92359210e-01j\n",
      "  -1.27369214e+00-8.72596479e-01j  1.30565420e+00+2.47960872e-01j]\n",
      " [ 4.15197673e-01+7.50964053e-01j  2.65907782e-01-2.26240658e-01j\n",
      "   1.61607959e-02-4.05330654e-01j -6.35062333e-02+7.62348391e-01j\n",
      "   2.01560226e-01+5.26184613e-02j  1.93149220e-01-1.01624160e+00j\n",
      "   2.53374780e-01+1.39087465e-01j -6.95329557e-03-5.29519470e-01j\n",
      "  -6.10955343e-02+5.32612660e-01j  4.14366567e-02+3.92336071e-01j\n",
      "   6.72870119e-02+2.64029250e-01j -2.95346778e-01-1.98846976e-02j\n",
      "   2.88593193e-01+1.01226883e-01j -4.32565846e-02-2.03029993e-01j\n",
      "  -2.88776571e-01-1.42810016e-01j  1.29921578e-01-3.09308980e-01j\n",
      "  -8.73932746e-02-2.03312774e-01j  3.61696910e-01+1.22853927e-01j\n",
      "  -1.99412127e-01-1.26043810e-01j -3.04561007e-02+2.84226863e-01j\n",
      "  -1.03782117e-01+8.54984497e-01j  2.94571468e-02-5.73538884e-03j\n",
      "  -4.45998963e-02+1.62780910e-01j  1.31811938e-01+1.51350331e-01j]\n",
      " [ 4.09985226e-01+6.96785372e-01j -2.06176168e-02-3.17938142e-01j\n",
      "   6.16211963e-02-7.75006059e-02j -1.81338658e-01+8.04729840e-02j\n",
      "   3.70542069e-03-3.83579208e-01j  2.35369591e-01+9.23734626e-02j\n",
      "   9.61665750e-02-1.22768705e-02j -6.47649101e-02-1.44227841e-02j\n",
      "  -2.20631304e-01-4.17328398e-01j -1.58581157e-01-3.93365440e-01j\n",
      "  -2.74733103e-01-6.20572484e-01j -1.88051993e-01-4.10400032e-02j\n",
      "   1.31838231e-01-1.77507377e-01j -2.71341238e-02-1.21397823e-01j\n",
      "   1.19408662e-01+4.34098290e-01j  1.30277359e-01-9.55591239e-03j\n",
      "  -1.80521640e-01-2.82278797e-01j  1.87511966e-02-6.47207868e-01j\n",
      "  -1.31033371e-01-9.70881446e-02j -1.24562801e-01-3.78792056e-01j\n",
      "   1.09036992e-01+3.80893045e-01j  8.35310526e-02+3.23239735e-02j\n",
      "   1.73378473e-01+3.33707525e-01j  4.58064290e-03-1.95254500e-01j]\n",
      " [ 4.48635801e-01+5.15217832e-01j -1.82028305e-01-1.57624815e-01j\n",
      "   2.24011790e-01-8.58982366e-02j -2.92379330e-01+2.89132571e-01j\n",
      "   1.18180575e-01-1.81915524e-01j  1.17425031e-02-1.32297288e-01j\n",
      "   8.74672593e-02-5.25477609e-02j  1.43677461e-02-1.43370064e-02j\n",
      "  -1.70271951e-01-8.43918233e-02j  6.57576548e-02-5.15628729e-02j\n",
      "  -2.22575022e-01-1.79260290e-01j -4.05161080e-02+1.25847356e-02j\n",
      "   8.24305843e-02-1.73297372e-01j -3.03860585e-02-1.35357042e-02j\n",
      "  -7.52742041e-02+1.54960834e-01j -1.36200896e-01-4.96020635e-02j\n",
      "  -2.41286927e-01-1.42025303e-02j -6.00530440e-02-3.00059401e-01j\n",
      "   5.85674945e-02+2.73419294e-02j  2.06849566e-01-1.43756780e-01j\n",
      "   8.75562493e-02+1.80294340e-01j  2.12115543e-02-7.36493445e-02j\n",
      "   3.80172227e-01+7.30307132e-02j  2.06396129e-01-1.31643144e-01j]\n",
      " [ 6.29225631e-01+2.99776543e-01j -6.14717245e-01+2.80454583e-01j\n",
      "   5.73396764e-01-4.71135432e-01j -6.07141641e-01+7.31379748e-01j\n",
      "  -7.81295702e-02-8.34363795e-02j  4.33562738e-01-4.66826470e-01j\n",
      "   1.88311625e-01-2.17582674e-01j -3.15606788e-02-7.80465205e-03j\n",
      "   4.50559054e-01-4.13605745e-01j -2.66811223e-01+2.05585766e-01j\n",
      "  -1.98915766e-01-3.47404494e-02j  6.13068658e-01-4.65163692e-01j\n",
      "   2.45316709e-01-3.52511050e-01j  1.18963917e-01-4.98451626e-02j\n",
      "   6.55476158e-03+1.68127381e-01j -6.82992097e-02+5.81939814e-03j\n",
      "  -3.53045944e-01+2.80800915e-01j  6.03049249e-01-6.96563754e-01j\n",
      "  -7.34364460e-02+1.33861179e-01j  1.23650666e-01-1.69653572e-01j\n",
      "   6.78591386e-01-3.30142128e-01j  6.16628365e-02-1.30936153e-01j\n",
      "   1.57099666e-01-8.11585102e-03j  1.60063623e-01-2.27405720e-01j]\n",
      " [ 4.67851418e-01+4.25331399e-01j  4.58401442e-02-3.10336671e-01j\n",
      "  -1.37500919e-01+1.68205574e-01j  2.49532526e-01-6.09215677e-02j\n",
      "  -7.23120412e-03-1.66337555e-01j -1.69470838e-01+7.80005269e-02j\n",
      "  -1.55818397e-01+9.18161498e-02j -9.05009941e-02+1.01211215e-01j\n",
      "  -1.82550541e-01+2.26252708e-01j  1.02231116e-01-1.22619784e-01j\n",
      "  -8.68387511e-02-5.42062846e-02j -2.20173330e-01+3.71466187e-01j\n",
      "  -1.29517298e-01-3.18150409e-02j  7.12227731e-02+1.00192967e-03j\n",
      "   2.23149760e-01-7.34546149e-02j  5.31039491e-02-1.46274745e-01j\n",
      "   1.42634849e-01-1.25767256e-01j -2.00818606e-01+4.54760799e-02j\n",
      "   1.04223673e-01+5.81596381e-03j -1.82068021e-02-4.78406048e-03j\n",
      "  -3.45784400e-02+2.50836121e-01j -1.98834105e-02-7.55570323e-02j\n",
      "   8.01974928e-02+6.62892946e-03j -7.84513291e-02+6.96489618e-03j]]\n"
     ]
    }
   ],
   "source": [
    "# ===============================================================================\n",
    "# Step 4: Construct Filtered Fourier-Transformed States\n",
    "# -------------------------------------------------------------------------------\n",
    "# Choose J filter energies to target the spectrum region of interest.\n",
    "J = 24\n",
    "E_min, E_max = -7, 7\n",
    "E_filters = np.linspace(E_min, E_max, J)\n",
    "# Build filtered states: |ψ_j> = sum_n exp(i n E_j dt) |n>\n",
    "psi = []\n",
    "for E_j in E_filters:\n",
    "    coeffs = np.exp(1j * np.arange(M) * E_j * delta_t)\n",
    "    psi_j = np.sum(coeffs[:, None] * states, axis=0)\n",
    "    psi.append(psi_j)\n",
    "psi = np.array(psi)  # shape (J, n_size)\n",
    "print(f\"Constructed {J} filtered states.\")\n",
    "print(psi)"
   ]
  },
  {
   "cell_type": "code",
   "execution_count": 193,
   "metadata": {},
   "outputs": [
    {
     "name": "stdout",
     "output_type": "stream",
     "text": [
      "Overlap matrix S:\n",
      " [[ 2.76623788e+00+0.00000000e+00j  5.60229034e-02-1.25191931e-02j\n",
      "   8.10794340e-01-3.81416058e-01j  1.14991802e+00-8.91647626e-01j\n",
      "   7.89895934e-01-9.54369555e-01j  1.54177843e+00-3.02374385e+00j\n",
      "  -9.33574544e-01+3.63079022e+00j -6.44820518e-02+2.02567294e+00j\n",
      "   6.00864892e-02+3.15779869e-01j  3.34380141e-01+7.73814175e-01j\n",
      "   4.95311811e-02+6.82569862e-02j  1.59611822e+00+1.40897716e+00j\n",
      "   2.96940950e-01+1.63513731e-01j  3.92485111e+00+1.14348241e+00j\n",
      "   2.15968199e+00+1.37635232e-01j  5.79047715e-01-9.11961433e-02j\n",
      "  -8.25606575e-01+3.25995398e-01j -8.59756870e-01+5.83052549e-01j\n",
      "   2.40764543e+00-2.55852741e+00j -1.12298303e-01+1.89409673e-01j\n",
      "  -1.17572746e-01+3.60429464e-01j -3.77906678e-02+3.94655609e-01j\n",
      "   6.89835872e-03+5.51718372e-02j  2.97807386e-01+8.30664758e-01j]\n",
      " [ 5.60229034e-02+1.25191931e-02j  2.04178578e+00+3.03576608e-17j\n",
      "   1.73427731e+00-3.87551363e-01j  1.97851834e+00-9.30739931e-01j\n",
      "   1.33830202e+00-1.03772077e+00j  2.70084930e+00-3.26322523e+00j\n",
      "  -2.01102479e+00+3.94403223e+00j -5.52996098e-01+2.15067221e+00j\n",
      "  -8.77670714e-03+2.75716074e-01j  1.41056963e-01+7.41313893e-01j\n",
      "   3.40385538e-02+7.87711717e-02j  1.24263592e+00+1.71242803e+00j\n",
      "   2.01190135e-01+1.77601072e-01j  3.33715981e+00+1.83764298e+00j\n",
      "   1.71649433e+00+5.00090581e-01j  6.31994614e-01+4.02766359e-02j\n",
      "  -8.16532617e-01+1.28598427e-01j -9.35186421e-01+3.69263616e-01j\n",
      "   2.83288387e+00-1.92114796e+00j -1.28900730e-01+1.36978662e-01j\n",
      "  -1.70085532e-01+2.86877397e-01j -1.12965827e-01+3.46306552e-01j\n",
      "  -9.29914202e-03+9.71128263e-02j  8.98650218e-02+7.18724345e-01j]\n",
      " [ 8.10794340e-01+3.81416058e-01j  1.73427731e+00+3.87551363e-01j\n",
      "   1.87671144e+00-5.55111512e-17j  2.51806516e+00-5.62701004e-01j\n",
      "   1.52932746e+00-7.19430342e-01j  3.95921726e+00-3.06998117e+00j\n",
      "  -3.74550819e+00+4.52540497e+00j -1.29437447e+00+2.53853391e+00j\n",
      "  -1.29039760e-01+5.01852050e-01j -2.88043107e-02+9.04873698e-01j\n",
      "   5.65443608e-02+2.97164488e-01j  9.11434583e-01+2.10921916e+00j\n",
      "   2.08271296e-01+2.87010539e-01j  2.75976257e+00+2.43618699e+00j\n",
      "   1.34821278e+00+7.42407883e-01j  7.48831043e-01+2.18167544e-01j\n",
      "  -6.92964585e-01-4.41622154e-02j -9.08752444e-01+1.43122434e-01j\n",
      "   3.16326598e+00-1.24903336e+00j -1.18618285e-01+8.04421529e-02j\n",
      "  -2.08722591e-01+2.21802789e-01j -1.92313012e-01+3.24367721e-01j\n",
      "  -6.17677498e-02+1.89354401e-01j -7.18340204e-02+7.50177246e-01j]\n",
      " [ 1.14991802e+00+8.91647626e-01j  1.97851834e+00+9.30739931e-01j\n",
      "   2.51806516e+00+5.62701004e-01j  4.07587309e+00+3.46944695e-17j\n",
      "   8.96399161e-01-2.00314399e-01j  5.58338349e+00-2.62655030e+00j\n",
      "  -6.69962924e+00+5.19489945e+00j -2.51377289e+00+3.03719542e+00j\n",
      "  -4.43747617e-01+8.70280124e-01j -3.00161937e-01+1.16736797e+00j\n",
      "  -2.05777776e-02+6.46441081e-01j  4.83517622e-01+2.54108924e+00j\n",
      "   2.01060522e-01+4.65289241e-01j  2.11954818e+00+2.92086657e+00j\n",
      "   9.93301112e-01+8.76838925e-01j  8.35349496e-01+4.59994194e-01j\n",
      "  -5.34001973e-01-1.55578351e-01j -8.38421582e-01-5.34321022e-02j\n",
      "   3.35113808e+00-5.27781841e-01j -1.12391891e-01+4.43785699e-02j\n",
      "  -2.56035941e-01+1.73633283e-01j -2.94790340e-01+3.13264219e-01j\n",
      "  -1.70103243e-01+2.86907269e-01j -2.65181141e-01+8.12935817e-01j]\n",
      " [ 7.89895934e-01+9.54369555e-01j  1.33830202e+00+1.03772077e+00j\n",
      "   1.52932746e+00+7.19430342e-01j  8.96399161e-01+2.00314399e-01j\n",
      "   1.05857312e+01+2.77555756e-16j  1.07586101e+01-2.40417954e+00j\n",
      "  -1.17488916e+01+5.52694524e+00j -4.24008283e+00+3.28776462e+00j\n",
      "  -9.02107762e-01+1.08994634e+00j -6.66185900e-01+1.30652724e+00j\n",
      "  -2.47209768e-01+9.61430252e-01j -9.22859374e-02+2.89911876e+00j\n",
      "   1.26032921e-01+6.62356211e-01j  1.41612009e+00+3.27714976e+00j\n",
      "   6.76147028e-01+9.31771813e-01j  9.04604895e-01+7.98542128e-01j\n",
      "  -2.88423129e-01-1.58823301e-01j -6.26659047e-01-1.82573448e-01j\n",
      "   3.53202472e+00+2.25093807e-01j  6.03311339e-02-9.50175018e-03j\n",
      "  -1.17102615e-01+4.62386261e-02j -2.12484438e-01+1.44098404e-01j\n",
      "  -1.27367911e-01+1.35349785e-01j -3.23124948e-01+5.45003700e-01j]\n",
      " [ 1.54177843e+00+3.02374385e+00j  2.70084930e+00+3.26322523e+00j\n",
      "   3.95921726e+00+3.06998117e+00j  5.58338349e+00+2.62655030e+00j\n",
      "   1.07586101e+01+2.40417954e+00j  2.76080904e+01+2.22044605e-16j\n",
      "  -3.47010513e+01+7.75449212e+00j -1.13077529e+01+5.31942358e+00j\n",
      "  -3.80655284e+00+2.95160501e+00j -2.36351933e+00+2.85565578e+00j\n",
      "  -1.27211212e+00+2.49487287e+00j -1.07076951e+00+4.16435888e+00j\n",
      "  -5.10701455e-02+1.60434429e+00j  7.60016998e-01+3.99421020e+00j\n",
      "   5.20721464e-01+1.20504061e+00j  9.83272779e-01+1.35500981e+00j\n",
      "  -3.22684249e-02-2.84850291e-02j -4.77058861e-01-2.62697598e-01j\n",
      "   3.35734653e+00+9.78143272e-01j -9.87105727e-02-6.29076531e-03j\n",
      "  -4.20352145e-01+6.62026521e-02j -6.67547011e-01+2.63584690e-01j\n",
      "  -6.93916375e-01+4.70586192e-01j -9.78161703e-01+1.03946100e+00j]\n",
      " [-9.33574544e-01-3.63079022e+00j -2.01102479e+00-3.94403223e+00j\n",
      "  -3.74550819e+00-4.52540497e+00j -6.69962924e+00-5.19489945e+00j\n",
      "  -1.17488916e+01-5.52694524e+00j -3.47010513e+01-7.75449212e+00j\n",
      "   5.98990833e+01+0.00000000e+00j  9.15514365e+00-2.04585990e+00j\n",
