{
 "cells": [
  {
   "cell_type": "code",
   "execution_count": 69,
   "metadata": {},
   "outputs": [
    {
     "name": "stdout",
     "output_type": "stream",
     "text": [
      "Hamiltonian H:\n",
      " [[ 0.49671415 -0.34132351  0.49565341  0.74360191  0.03098345  0.2784475\n",
      "   0.9195478   0.26102331 -0.12769032 -0.11513259 -0.62796922 -0.35914895\n",
      "   0.26147707 -0.54393195 -1.27520751 -0.02147051 -0.88598189  0.21727148\n",
      "  -0.58871545 -0.75966703  0.66886559 -0.43820943  0.16362535 -0.12848306]\n",
      " [-0.34132351  0.11092259 -1.45701687  0.97017084 -0.16979171 -0.6005406\n",
      "   0.09005813  0.54927101 -0.629618   -0.64726477  0.35390424 -1.23431342\n",
      "  -0.20691796 -0.57308024 -0.82478595  0.86480007  0.44443018  0.34290356\n",
      "   0.30094699 -0.66817301 -1.21703122 -0.6034848  -0.6824777   0.65577153]\n",
      " [ 0.49565341 -1.45701687  0.32408397 -1.50241369 -0.33590427  1.0072353\n",
      "  -0.10297559  0.02088284 -0.3330183  -0.39728796  0.41812536  1.30397822\n",
      "  -0.34364824  0.55990992 -0.34670176 -0.65248339  0.5771409   1.03392745\n",
      "   0.71517347  0.2249418  -0.62240515 -0.61875684  0.49999403  0.93781961]\n",
      " [ 0.74360191  0.97017084 -1.50241369  0.8219025  -0.07377003 -0.85042921\n",
      "  -0.61434792 -1.4016896   0.08282275  0.21949336  1.17182462 -0.9742058\n",
      "  -0.65074727 -0.2403766   0.17583878  0.36523142  0.67320532 -0.30568733\n",
      "   0.08558616 -0.11461645 -0.24929473 -0.59582646 -1.02681411 -0.93769596]\n",
      " [ 0.03098345 -0.16979171 -0.33590427 -0.07377003 -1.41537074  0.08310589\n",
      "   0.08961352 -0.43968949 -0.52257157  1.35935471  0.34294475 -0.13273334\n",
      "  -0.16590718  0.30375353 -1.37049581  0.33181506  0.50532702  0.46456397\n",
      "   0.71812729  1.13313624 -0.39553126 -0.5600782   0.53837151  0.1321634 ]\n",
      " [ 0.2784475  -0.6005406   1.0072353  -0.85042921  0.08310589  2.19045563\n",
      "  -0.34677583 -0.11257288  0.12668824 -1.18537042 -0.94258233  0.09965178\n",
      "  -0.10635081  0.08166284 -0.33786851  0.57435697 -0.68007847  0.47780765\n",
      "  -0.28329212 -0.59780038 -0.59739689  0.23809632 -1.40924972 -0.12396216]\n",
      " [ 0.9195478   0.09005813 -0.10297559 -0.61434792  0.08961352 -0.34677583\n",
      "   0.25049285  0.3115695  -0.310908    0.45925694 -0.09093642  0.36346094\n",
      "   1.111395    0.39899964 -0.47316846  0.44032305 -0.93654817  0.55969931\n",
      "  -0.27239343 -0.76020391  0.15840162  0.34161888  0.08511203  1.14562256]\n",
      " [ 0.26102331  0.54927101  0.02088284 -1.4016896  -0.43968949 -0.11257288\n",
      "   0.3115695   0.82718325 -0.5649842  -0.0795909  -0.45899303  0.64215351\n",
      "  -0.03362112 -0.49365031 -0.78891784  0.24753241  0.13422819 -0.01724302\n",
      "   0.20884496  0.0705755  -0.96417086 -0.78254267 -0.19955814  0.21770716]\n",
      " [-0.12769032 -0.629618   -0.3330183   0.08282275 -0.52257157  0.12668824\n",
      "  -0.310908   -0.5649842   0.35778736  0.04442633  1.42425274  1.1084829\n",
      "  -0.23903475 -0.42041454  0.02199848  0.30573102 -0.40259276  2.70194173\n",
      "   0.47747798  0.5116188   1.3205717   0.2062216  -0.5878413   0.52437204]\n",
      " [-0.11513259 -0.64726477 -0.39728796  0.21949336  1.35935471 -1.18537042\n",
      "   0.45925694 -0.0795909   0.04442633  1.0889506   0.23463087 -0.53375586\n",
      "  -0.20400209  0.63737739 -0.24915835 -0.2782756   0.9385153  -0.26796286\n",
      "   1.05562467  0.20647471 -0.57175141 -0.36055467 -0.523171    1.46391707]\n",
      " [-0.62796922  0.35390424  0.41812536  1.17182462  0.34294475 -0.94258233\n",
      "  -0.09093642 -0.45899303  1.42425274  0.23463087 -1.26088395 -0.03182335\n",
      "   1.46750916  0.10712229 -1.48372715 -0.22986195  1.22317563  0.23581386\n",
      "  -0.81181134  0.69440038 -0.46745156 -0.31814834 -1.11748727 -0.07663147]\n",
      " [-0.35914895 -1.23431342  1.30397822 -0.9742058  -0.13273334  0.09965178\n",
      "   0.36346094  0.64215351  1.1084829  -0.53375586 -0.03182335  0.46210347\n",
      "   0.41434427  0.7460852  -0.66883084  0.05634235 -0.17782915  0.36482458\n",
      "   0.74844839 -0.24015389  1.80648876 -0.59834829 -0.36433848  0.13114684]\n",
      " [ 0.26147707 -0.20691796 -0.34364824 -0.65074727 -0.16590718 -0.10635081\n",
      "   1.111395   -0.03362112 -0.23903475 -0.20400209  1.46750916  0.41434427\n",
      "  -0.82899501 -0.78309921  0.01442469  1.03075694 -0.86701806  1.08903765\n",
      "  -0.0134023  -0.56103627  0.31223284  0.14936227  0.30900545  1.14999539]\n",
      " [-0.54393195 -0.57308024  0.55990992 -0.2403766   0.30375353  0.08166284\n",
      "   0.39899964 -0.49365031 -0.42041454  0.63737739  0.10712229  0.7460852\n",
      "  -0.78309921 -1.21418861  0.47233186  0.87546676  0.9889961   1.19184318\n",
      "   0.32871289 -0.73653631 -0.39273982 -0.82735848 -0.07729356 -0.27756638]\n",
      " [-1.27520751 -0.82478595 -0.34670176  0.17583878 -1.37049581 -0.33786851\n",
      "  -0.47316846 -0.78891784  0.02199848 -0.24915835 -1.48372715 -0.66883084\n",
      "   0.01442469  0.47233186  0.31090757  1.81426934  0.37155989 -0.20445134\n",
      "   0.17379102 -0.63879053  0.75230547 -0.09466317  0.42626137 -1.43267774]\n",
      " [-0.02147051  0.86480007 -0.65248339  0.36523142  0.33181506  0.57435697\n",
      "   0.44032305  0.24753241  0.30573102 -0.2782756  -0.22986195  0.05634235\n",
      "   1.03075694  0.87546676  1.81426934 -0.76734756  1.05506847  0.57745648\n",
      "   0.62496157 -1.55510973 -0.1504059   0.07599724 -0.34116355 -0.76692067]\n",
      " [-0.88598189  0.44443018  0.5771409   0.67320532  0.50532702 -0.68007847\n",
      "  -0.93654817  0.13422819 -0.40259276  0.9385153   1.22317563 -0.17782915\n",
      "  -0.86701806  0.9889961   0.37155989  1.05506847 -1.59442766  0.02300046\n",
      "  -0.25431161 -0.73410523 -0.74365581 -0.52327767 -1.76963246 -1.0065857 ]\n",
      " [ 0.21727148  0.34290356  1.03392745 -0.30568733  0.46456397  0.47780765\n",
      "   0.55969931 -0.01724302  2.70194173 -0.26796286  0.23581386  0.36482458\n",
      "   1.08903765  1.19184318 -0.20445134  0.57745648  0.02300046  1.36863156\n",
      "  -1.01206849  1.02646286  0.4340429  -0.60768965 -0.99007688 -1.19537283]\n",
      " [-0.58871545  0.30094699  0.71517347  0.08558616  0.71812729 -0.28329212\n",
      "  -0.27239343  0.20884496  0.47747798  1.05562467 -0.81181134  0.74844839\n",
      "  -0.0134023   0.32871289  0.17379102  0.62496157 -0.25431161 -1.01206849\n",
      "  -0.0626791   1.30005502 -0.93067215 -0.07928862  0.02340725 -0.38722723]\n",
      " [-0.75966703 -0.66817301  0.2249418  -0.11461645  1.13313624 -0.59780038\n",
      "  -0.76020391  0.0705755   0.5116188   0.20647471  0.69440038 -0.24015389\n",
      "  -0.56103627 -0.73653631 -0.63879053 -1.55510973 -0.73410523  1.02646286\n",
      "   1.30005502 -0.24903604 -0.40312138  0.44092441  1.43791771  1.39800611]\n",
      " [ 0.66886559 -1.21703122 -0.62240515 -0.24929473 -0.39553126 -0.59739689\n",
      "   0.15840162 -0.96417086  1.3205717  -0.57175141 -0.46745156  1.80648876\n",
      "   0.31223284 -0.39273982  0.75230547 -0.1504059  -0.74365581  0.4340429\n",
      "  -0.93067215 -0.40312138  0.92617755  0.57307874 -0.51371085  0.44494831]\n",
      " [-0.43820943 -0.6034848  -0.61875684 -0.59582646 -0.5600782   0.23809632\n",
      "   0.34161888 -0.78254267  0.2062216  -0.36055467 -0.31814834 -0.59834829\n",
      "   0.14936227 -0.82735848 -0.09466317  0.07599724 -0.52327767 -0.60768965\n",
      "  -0.07928862  0.44092441  0.57307874 -1.8048821  -1.11576381 -0.08550779]\n",
      " [ 0.16362535 -0.6824777   0.49999403 -1.02681411  0.53837151 -1.40924972\n",
      "   0.08511203 -0.19955814 -0.5878413  -0.523171   -1.11748727 -0.36433848\n",
      "   0.30900545 -0.07729356  0.42626137 -0.34116355 -1.76963246 -0.99007688\n",
      "   0.02340725  1.43791771 -0.51371085 -1.11576381  0.08658979  0.33686417]\n",
      " [-0.12848306  0.65577153  0.93781961 -0.93769596  0.1321634  -0.12396216\n",
      "   1.14562256  0.21770716  0.52437204  1.46391707 -0.07663147  0.13114684\n",
      "   1.14999539 -0.27756638 -1.43267774 -0.76692067 -1.0065857  -1.19537283\n",
      "  -0.38722723  1.39800611  0.44494831 -0.08550779  0.33686417 -2.21113531]]\n"
     ]
    }
   ],
   "source": [
    "import numpy as np\n",
    "from scipy.linalg import expm, eigh\n",
    "\n",
    "# Step 1: Define the Quantum System (Hamiltonian H)\n",
    "# -------------------------------------------------------------------------------\n",
    "# a random symmetric (Hermitian) matrix.\n",
    "n_size = 24\n",
    "np.random.seed(42)\n",
    "A = np.random.randn(n_size, n_size)\n",
    "H = (A + A.T) / 2  \n",
    "print(\"Hamiltonian H:\\n\", H)"
   ]
  },
  {
   "cell_type": "code",
   "execution_count": 70,
   "metadata": {},
   "outputs": [
    {
     "name": "stdout",
     "output_type": "stream",
     "text": [
      "Initial state phi0:\n",
      " [1. 0. 0. 0. 0. 0. 0. 0. 0. 0. 0. 0. 0. 0. 0. 0. 0. 0. 0. 0. 0. 0. 0. 0.]\n"
     ]
    }
   ],
   "source": [
    "# Step 2: Choose an Initial Reference State\n",
    "# -------------------------------------------------------------------------------\n",
    "# Physically, this should overlap with Hartree-Fock.\n",
    "phi0 = np.zeros(n_size)\n",
    "phi0[0] = 1.0  # Start fully in the first basis state.\n",
    "print(\"Initial state phi0:\\n\", phi0)"
   ]
  },
  {
   "cell_type": "code",
   "execution_count": 71,
   "metadata": {},
   "outputs": [
    {
     "name": "stdout",
     "output_type": "stream",
     "text": [
      "Generated 50 time-evolved states.\n",
      "(50, 24)\n"
     ]
    }
   ],
   "source": [
    "############################################################\n",
    "# Step 3: Evolve the State in Real Time\n",
    "# -------------------------------------------------------------------------------\n",
    "# Generate M time-evolved states: |n> = exp(-i H n dt) |phi0>\n",
    "T = 10.0                    # Total time\n",
    "M = 50                      # Time-steps in the simulation\n",
    "delta_t = T/M               # Time-step size\n",
    "states = []\n",
    "for n in range(M):\n",
    "    # Matrix exponential for time evolution\n",
    "    U = expm(-1j * H * n * delta_t)\n",
    "    states.append(U @ phi0)\n",
    "states = np.array(states)  # shape (M, n_size): holds all |n> states\n",
    "\n",
    "print(f\"Generated {M} time-evolved states.\")\n",
    "print(np.shape(states))"
   ]
  },
  {
   "cell_type": "code",
   "execution_count": 72,
   "metadata": {},
   "outputs": [
    {
     "name": "stdout",
     "output_type": "stream",
     "text": [
      "Constructed 24 filtered states.\n",
      "[[ 7.24605092e-01-1.20409437e+00j -8.52639781e-02+3.91584154e-01j\n",
      "  -3.93746665e-01+7.42836937e-01j -1.83494344e-01+1.04044968e-01j\n",
      "  -9.49203554e-02+3.00767858e-01j  8.57661482e-02-4.80998758e-02j\n",
      "   2.91099690e-02+3.37222416e-01j  1.72131507e-02-7.23192619e-02j\n",
      "  -1.42959665e-01+4.38703504e-01j -1.66952651e-01+2.79555257e-01j\n",
      "   4.81594205e-01-8.95602580e-01j  2.39986374e-01-4.79800083e-01j\n",
      "  -2.78096177e-01+8.03125909e-01j -1.79700551e-01+8.83749804e-02j\n",
      "   1.42902782e-01-6.72238779e-01j -1.18967974e-01+2.83551060e-01j\n",
      "   9.46594641e-02-5.05025823e-01j  2.59485441e-01-5.77655659e-01j\n",
      "   1.77334889e-01-7.68045287e-01j -2.10433567e-01+3.88228918e-01j\n",
      "  -2.77462902e-01+2.21944284e-01j  9.19415269e-02-2.68062273e-01j\n",
      "   3.33302766e-02-3.04014037e-01j  4.51675181e-01-1.12600176e+00j]\n",
      " [ 5.44025238e-01-1.14886891e+00j  1.94459639e-01-4.29777230e-01j\n",
      "  -4.40520343e-02-1.61750623e-01j -1.95891542e-01+1.11024344e-01j\n",
      "   2.23503806e-02+1.53760530e-01j  4.24301268e-02+6.48811133e-02j\n",
      "   1.52834049e-01+3.50740875e-02j -1.76521866e-02-1.03690303e-01j\n",
      "   1.99320870e-01-7.46375294e-01j -1.01080837e-02-1.24353666e-01j\n",
      "   2.79034989e-02+3.81375497e-01j  1.10047039e-01-3.26728304e-01j\n",
      "   1.78402542e-01-5.37948324e-01j -4.72620008e-03-6.39388254e-01j\n",
      "  -5.33687643e-02-2.77077031e-01j -5.84590531e-02+3.48559807e-01j\n",
      "  -6.22388313e-02-3.30955208e-01j -1.93356406e-01+9.27925162e-01j\n",
      "  -2.24392959e-01+2.82444694e-01j  1.63358790e-01-8.76079364e-01j\n",
      "  -2.35539897e-01+1.66886092e-01j -3.18581969e-02+6.51294202e-02j\n",
      "  -1.83705042e-01+3.44759505e-01j -2.25078810e-01+8.44646043e-01j]\n",
      " [ 4.41934306e-01-1.50084839e+00j  1.43846184e-01-3.99159733e-01j\n",
      "  -9.46109772e-02+2.21937575e-01j -2.35406805e-01+2.36637717e-01j\n",
      "   8.43962470e-02+1.55210958e-01j  4.69207324e-02-4.20319873e-02j\n",
      "   1.45747911e-01+8.66540259e-02j -7.38088998e-02-1.01835474e-01j\n",
      "   3.96263761e-02-5.63699651e-01j -2.50148590e-02+2.26661446e-02j\n",
      "   1.48509169e-01-3.81331454e-02j  7.23677593e-02-5.45681645e-01j\n",
      "   5.60785930e-02-3.07114135e-01j -1.38449052e-01-5.75270032e-01j\n",
      "  -5.07773920e-02-6.06856273e-01j  2.36259902e-02+5.75013619e-01j\n",
      "  -1.56443031e-01-5.72867456e-01j -1.47591938e-02+6.40493764e-01j\n",
      "  -1.89587967e-01+5.43165701e-02j  1.49646293e-02-6.65872880e-01j\n",
      "  -2.44356944e-01+3.54065969e-01j -9.12974086e-03-1.56726337e-01j\n",
      "  -1.42793348e-01+1.76698885e-01j -6.56434368e-02+3.27395600e-01j]\n",
      " [ 2.33592063e-01-2.02994705e+00j  6.56584066e-02-8.06447762e-01j\n",
      "  -2.14756117e-02+4.69853803e-01j -3.04720388e-01+2.63197063e-01j\n",
      "   1.17386108e-01-1.75105935e-01j -2.52652103e-02-2.68348979e-01j\n",
      "   1.40618428e-01+8.94695844e-02j -1.76713918e-01-2.36213518e-01j\n",
      "  -1.39670361e-01-7.97189056e-01j  3.14538596e-02+1.46841384e-01j\n",
      "   2.32138575e-01-1.59085453e-01j -3.09974587e-02-8.81537601e-01j\n",
      "  -1.06770704e-01-5.97542964e-01j -3.18725370e-01-8.69551684e-01j\n",
      "  -1.71445437e-01-1.23113780e+00j  3.19075456e-01+1.34977271e+00j\n",
      "  -5.03491246e-01-1.16788706e+00j  9.20023480e-02+6.82242713e-01j\n",
      "  -2.45584228e-01+3.02971325e-02j -4.24758354e-02-5.87889512e-01j\n",
      "  -2.11494548e-01+5.92483286e-01j -1.48518129e-01-7.56433528e-01j\n",
      "  -2.48204172e-01-1.23162085e-01j -8.34170019e-02+1.00248447e-01j]\n",
      " [ 2.69051062e-01-2.14586355e+00j  7.58750576e-01-2.44656561e-01j\n",
      "   4.50106824e-01+7.05381134e-01j  1.88352646e-01+1.88350723e+00j\n",
      "   1.43229141e+00+1.15909234e+00j  1.04882351e-01+3.45558636e-01j\n",
      "  -5.78271533e-02+8.59096933e-02j  3.96574899e-01+8.97203772e-01j\n",
      "   2.07351696e-01+5.59792005e-01j  1.77329444e-02-4.83146159e-01j\n",
      "   3.72209555e-01-1.82256590e+00j  1.30756841e-01-1.01486255e+00j\n",
      "   2.38252288e-01+1.26278088e+00j  1.50444325e-01+1.42419303e-01j\n",
      "   7.56298294e-01-6.81021935e-01j -7.01506462e-01-1.38481679e+00j\n",
      "  -7.01526458e-01+1.71111481e+00j  7.75922093e-02+7.46289445e-01j\n",
      "  -3.97929139e-01+5.02050799e-01j -8.03812398e-01-1.95840755e+00j\n",
      "  -2.31983574e-01+8.65074003e-01j  1.12173783e+00+1.48823246e+00j\n",
      "   2.01296954e-01+1.74041560e+00j  4.92746701e-02+9.39803054e-01j]\n",
      " [-8.66861171e-01-4.62745500e+00j  2.40078984e-02-5.99731306e-01j\n",
      "   5.72456670e-01+2.94099025e+00j  6.45161988e-01+3.31164799e+00j\n",
      "   2.63941780e-01+1.03360015e+00j  2.73086704e-01+1.85503076e-01j\n",
      "   2.30725349e-01-2.42320524e-01j  2.37607189e-01+2.11446572e+00j\n",
      "  -8.69449553e-02-2.82530838e-01j  2.59173875e-01+8.27579003e-01j\n",
      "  -4.91111282e-01-6.98524382e-01j -6.68130776e-01-2.50378316e+00j\n",
      "   3.17407805e-01-5.39442747e-02j -5.94384705e-01-2.76578278e-01j\n",
      "  -1.08189648e+00-2.67656111e+00j  1.24769950e-01+5.73002844e-01j\n",
      "   2.48979178e-01-1.66661288e+00j  6.33217300e-01+1.41853875e+00j\n",
      "   4.56067878e-02+7.22733472e-01j -1.06597067e+00-3.69988041e+00j\n",
      "   5.74218507e-01+2.76971430e+00j  7.58568966e-01+2.27263794e+00j\n",
      "   1.09433315e+00+2.73460105e+00j -2.20534372e-01-5.53848343e-01j]\n",
      " [ 1.99259938e+00+4.08289690e+00j  1.24057533e+00+2.34935204e+00j\n",
      "  -1.43596869e+00-3.75515365e+00j -1.90982044e+00-4.49934230e+00j\n",
      "   4.63762463e-01+2.14523017e-01j  3.51889185e-01+8.91815504e-01j\n",
      "   7.93683403e-01+1.67087054e+00j -1.83863335e+00-3.21170207e+00j\n",
      "  -3.14819360e-01-5.66350187e-01j  1.19444323e-01-3.65655171e-01j\n",
      "   5.56286894e-02+1.83104272e+00j  2.22731313e+00+4.24447267e+00j\n",
      "   1.17790572e-01-1.49337700e-01j -1.66364423e+00-1.31595243e+00j\n",
      "   2.09189024e+00+6.01255645e+00j -7.94908098e-01-3.00765814e+00j\n",
      "   1.54333690e+00+2.71680330e+00j -8.78875223e-02-1.34689063e+00j\n",
      "  -1.10558583e+00-1.02028037e+00j  1.67816166e+00+4.67188791e+00j\n",
      "  -1.77992682e+00-2.87653604e+00j -8.14418144e-01-3.45186646e+00j\n",
      "  -7.75567218e-01-2.82231465e+00j -1.20481653e-01-3.45596277e-01j]\n",
      " [ 2.35294370e+00+1.50364694e+00j  5.78706902e-01+6.50671111e-01j\n",
      "  -1.76040123e+00-1.79541976e+00j -1.17553546e+00-5.70882089e-01j\n",
      "  -2.01628031e+00-2.03828179e+00j  2.57325868e-01+3.53473263e-01j\n",
      "  -1.98226890e+00-1.47724613e+00j -9.79445733e-02-1.64040425e-01j\n",
      "  -9.79459276e-01-1.12601056e+00j -5.53398108e-01-2.17219539e-01j\n",
      "   9.25623461e-01+7.90536785e-01j -9.07905374e-01+8.01874567e-01j\n",
      "   1.38287179e+00+7.31693100e-01j  5.13766542e+00+4.16205569e+00j\n",
      "  -1.68146644e-01+1.23634570e+00j  4.46659292e-01-1.83077978e-02j\n",
      "  -3.41854804e-01-1.90686915e-01j -4.00433076e-01-5.47214128e-01j\n",
      "   2.79598773e-01-3.15807208e-01j  2.18497891e+00+2.93505879e+00j\n",
      "   5.36291053e-01-1.05844185e-01j  8.71135380e-01+3.22164435e-01j\n",
      "  -5.89288023e-01-9.04949671e-01j  1.78045275e+00+1.75661236e+00j]\n",
      " [ 9.75089295e-01-6.42578017e-01j  8.75871220e-01+4.02711173e-01j\n",
      "   5.19845474e-02-2.53171181e-01j -5.00342804e-01+1.22108549e+00j\n",
      "   5.82271684e-01-5.25134357e-01j  4.94942790e-01+8.17511010e-01j\n",
      "   2.16333923e-01+5.28687066e-01j -1.89214499e-01+4.34245349e-01j\n",
      "  -7.49003737e-01-1.37903101e+00j -5.39407033e-01+4.91811086e-02j\n",
      "   3.97231610e-01+1.39396558e-01j -5.50316385e-01+1.06996577e+00j\n",
      "  -5.73759915e-02-3.11244601e-03j  7.10717999e-01+7.31621024e-01j\n",
      "   8.59879334e-01+1.94084622e+00j  8.86400002e-01-4.97688481e-01j\n",
      "   1.01342704e+00+1.60817712e-01j -2.69509051e-01-1.69588113e-02j\n",
      "  -5.41080532e-01-6.88776779e-01j  1.79854366e+00+2.29567086e+00j\n",
      "   1.08846968e+00+5.41651372e-01j  9.53479985e-02-8.31328971e-01j\n",
      "  -1.73755401e-01-6.72885554e-01j  1.26717123e+00+1.19443801e+00j]\n",
      " [ 2.47961657e+00-9.77000485e-01j  2.76771500e+00-1.87573772e+00j\n",
      "   1.09529848e+00-3.06328586e+00j -4.13958250e+00-6.10454084e-01j\n",
      "   1.90729732e+00-1.13699697e+00j -1.32801504e+00+3.23769333e-01j\n",
      "  -2.68319351e+00+1.31400943e+00j -2.50992378e+00-2.71872516e-01j\n",
      "  -5.54025684e-01+4.26562754e+00j -3.23661414e-01-1.33346502e-01j\n",
      "  -4.86615270e-01+1.39075533e+00j -1.51077579e+00+1.60384688e+00j\n",
      "   4.46956720e-01-2.18967407e+00j -6.03246012e-01+2.04507939e+00j\n",
      "  -6.58300458e-01-8.28412901e-01j  1.60261911e+00-5.49160651e-01j\n",
      "   1.74780030e+00-1.04560326e+00j  3.20529269e-01-2.19805895e+00j\n",
      "   8.37221960e-01-1.09878320e+00j -3.98433234e-01-1.94801520e+00j\n",
      "   1.79692401e+00-3.72811544e+00j  1.33167202e+00-4.27063372e-01j\n",
      "  -2.62734667e-01+2.08822036e+00j  3.93548966e-01-1.00796125e+00j]\n",
      " [-1.04141815e-01+2.31398284e-01j -1.30514630e+00+1.22834641e+00j\n",
      "  -2.15440407e+00+8.56602912e-01j -1.71676458e-01-1.71123866e+00j\n",
      "   9.57393760e-01+1.64856456e-01j  3.60814213e-01-1.66964890e+00j\n",
      "   1.05569418e+00-5.02671627e-02j -1.88936507e-01-1.33806372e+00j\n",
      "  -1.85284576e-01-3.74147530e-01j -5.99238857e-01-9.09625409e-01j\n",
      "   4.59566313e-01-5.45527314e-01j  6.62399729e-01+9.03146447e-02j\n",
      "  -2.49122474e-01-1.15249597e+00j  1.26756194e+00+1.58649095e-01j\n",
      "  -3.62387643e-01-2.91353739e-01j -1.72283457e-01+3.98478054e-03j\n",
      "  -1.72847339e-01+7.58591475e-01j -1.34385411e-01+1.73482871e-01j\n",
      "  -7.47915678e-01+1.29353982e+00j  4.01178631e-01+1.76416365e-01j\n",
      "  -9.61066676e-01+3.65406699e-01j  3.25429820e-01+1.85111052e+00j\n",
      "   5.38677823e-01-1.06466511e+00j -1.02377097e+00-4.87777146e-01j]\n",
      " [ 4.15774180e+00+9.38432153e-01j -4.09198216e+00-1.09732646e+00j\n",
      "   3.75985897e+00+1.13028198e+00j  8.30493420e-01-6.49006510e-01j\n",
      "  -5.54725385e+00-7.56048228e-01j -1.07818143e+00-8.52287757e-01j\n",
      "  -4.17474039e-01-1.84368698e+00j  2.59132189e+00+9.79786694e-01j\n",
      "   3.26874089e+00+6.61445691e-01j  2.47093757e+00+4.68200822e-01j\n",
      "   2.18643512e+00+9.91726388e-01j -3.50105600e+00-3.91641958e-01j\n",
      "   2.67676557e+00+1.18351550e+00j -3.65022029e+00-1.65298387e+00j\n",
      "   4.03927296e+00+1.01269944e+00j  9.69663301e-02+6.39934874e-01j\n",
      "   2.65783403e-01+8.48564923e-01j -8.78774056e-01-7.11523315e-01j\n",
      "   1.46426969e+00+8.19696795e-01j -1.36789799e-01+5.00439220e-02j\n",
      "  -3.70914095e+00-3.01416219e-01j  1.55642026e+00+7.34073533e-01j\n",
      "  -1.19669387e+00-6.09544269e-01j -3.81637377e-04-3.45079011e-01j]\n",
      " [ 1.01429493e+00-5.90975937e-01j -7.37806444e-01+2.98542206e-01j\n",
      "  -3.71106009e-01+4.53025006e-01j -3.24661303e-01-3.53824079e-01j\n",
      "  -2.18161607e-01+1.03136999e-01j -1.88060079e-01-5.87909921e-01j\n",
      "   8.56950551e-02-1.20853055e+00j  2.13279617e-01-4.97049495e-02j\n",
      "   3.79441473e-01-2.99222786e-02j  6.99306645e-01-6.76971414e-01j\n",
      "  -3.99684869e-01+6.91606346e-01j -5.84052445e-01+1.13927485e+00j\n",
      "  -6.96896654e-01+4.54895870e-01j  2.06803892e-01-4.92969831e-01j\n",
      "   6.53329031e-01-1.05241401e-01j -3.39699257e-01+4.52322990e-01j\n",
      "   4.38362267e-02+5.68004144e-01j  3.49343426e-01-9.50281953e-01j\n",
      "  -4.59853700e-01+9.41935406e-01j  8.08339390e-02+1.37293731e-02j\n",
      "  -3.41009316e-01+3.76991179e-01j  7.71034947e-02+2.70634930e-01j\n",
      "   1.01553539e-01-3.43367126e-01j -3.51481213e-01-1.02718202e-01j]\n",
      " [ 9.38180483e+00-2.40621420e+00j  1.56320500e+00+9.24511223e-02j\n",
      "  -3.26822747e+00+4.09684218e-01j  6.00325318e+00-1.75896194e+00j\n",
      "   2.21693726e+00-6.62425524e-01j  1.23321710e+00-1.10235089e+00j\n",
      "  -1.60123907e+00-1.31932194e+00j  4.35954622e+00+6.60789625e-01j\n",
      "   4.07584069e+00-3.43447239e-01j  6.70393238e-01-3.49944270e-01j\n",
      "  -6.53655604e+00+1.17806912e+00j  4.21043390e+00+5.11318901e-01j\n",
      "  -4.94126080e+00+1.41177289e-01j -1.24039277e+00-3.91740502e-01j\n",
      "  -5.73944024e-01-8.09332688e-03j  2.77863201e+00-6.15504516e-01j\n",
      "  -3.49164485e+00+1.34228380e+00j  1.68808933e-01-7.81176096e-01j\n",
      "   1.03935073e+01-1.19604272e+00j  1.44871777e+00-1.54493968e-01j\n",
      "   1.87087478e+00+5.33178811e-01j -3.10187139e+00+8.49653304e-01j\n",
      "   8.14290623e-01-1.08608865e+00j -2.90087473e+00+2.88285653e-01j]\n",
      " [ 5.57930299e+00-5.24568136e+00j -2.19927754e+00+2.10799925e+00j\n",
      "   5.71757908e+00-2.24252396e+00j  2.91814119e+00-2.48628875e+00j\n",
      "  -8.71135149e-01-1.75759387e+00j -5.94313648e+00-3.47303192e-01j\n",
      "  -1.99154588e+00-2.40703446e+00j -4.60130147e-01+4.36390594e+00j\n",
      "  -3.23882039e+00+1.77593113e+00j -3.68485375e+00-4.25981584e-01j\n",
      "   1.79970063e+00+7.58634127e-01j  1.84682882e+00+3.32484706e+00j\n",
      "  -2.82850881e+00-2.01304047e-01j  3.09706469e+00-2.70688240e+00j\n",
      "  -8.06022608e-01-8.17559803e-01j -2.83402153e+00-1.67709772e-01j\n",
      "   2.93194897e+00+9.19574092e-01j  1.22321592e+00-3.28532307e+00j\n",
      "  -4.98745544e+00+2.29398812e+00j -2.17074291e+00+3.70366296e-01j\n",
      "  -3.58627697e-02+1.86438878e+00j -5.44584455e+00+2.60036138e+00j\n",
      "   3.84271128e+00-4.24414938e+00j -3.33603748e+00+1.24968501e+00j]\n",
      " [ 1.10226664e+00+2.37543483e+00j -3.46294222e+00-3.28644694e-01j\n",
      "   5.04784301e-01+7.96571348e-01j  5.80419866e-01+5.07031935e-01j\n",
      "   1.01718960e+00+2.28535226e+00j  2.62190924e+00+5.45195723e-01j\n",
      "   5.46188685e-01+1.03619907e+00j -3.51315619e+00-3.26728185e+00j\n",
      "  -1.19083213e+00-4.45086872e-02j  4.67980905e+00-1.37181320e-01j\n",
      "   1.88414303e-01-1.70301206e+00j  1.12837297e+00-4.47778778e+00j\n",
      "  -1.20605789e+00+1.07458242e+00j  7.10692206e-01+1.60641128e+00j\n",
      "  -1.20474166e+00+2.60815352e+00j -1.35996591e+00+2.03280091e+00j\n",
      "   1.25864146e+00-1.76750314e+00j -4.21841798e+00+5.17963717e+00j\n",
      "  -1.35529531e-01+4.23148338e-02j -2.17763834e+00+2.07314346e+00j\n",
      "   2.25804443e+00-2.54341917e+00j  1.86658957e+00-1.48169402e+00j\n",
      "  -3.65381889e+00+4.95449508e+00j  1.27425209e+00-1.29456521e+00j]\n",
      " [-1.42214701e+00+1.51708442e+00j  8.21277809e-02-1.23893259e+00j\n",
      "  -4.42447897e-01+1.11481607e+00j -9.15929059e-01+8.23240296e-01j\n",
      "   1.44056146e-01+1.16200055e+00j -3.13932386e-01+9.82700591e-01j\n",
      "  -9.44849451e-02-5.93658893e-01j -6.00948308e-01-1.95208265e+00j\n",
      "   3.65494328e-01-2.55789310e-01j -2.43153716e-01+9.69135885e-01j\n",
      "  -1.71266612e-01-5.38285908e-01j -5.45629188e-01-1.06635544e+00j\n",
      "   5.56945700e-01-7.80764771e-01j  3.05976858e-02+7.94431027e-01j\n",
      "   1.29540129e+00+2.69433709e-01j  5.78857414e-01-6.08531234e-02j\n",
      "  -3.49075704e-01+9.31519679e-02j  6.42931521e-01+7.82811425e-01j\n",
      "   2.67586020e-01+2.14948206e-01j  7.78383373e-01+4.64968220e-01j\n",
      "  -3.11026874e-01-2.60106605e-01j  3.92115632e-01-3.57285989e-01j\n",
      "   9.26179039e-01+6.34685582e-01j -5.80640934e-02-5.11785244e-01j]\n",
      " [-1.50525699e+00+7.83379694e-01j -7.41514154e-01-8.88289810e-01j\n",
      "  -2.14496936e-02+1.04326181e+00j -6.87331054e-01+1.24400033e-01j\n",
      "   2.62736424e-01+8.68140244e-01j -5.01307371e-01-1.62924205e-01j\n",
      "  -5.82009480e-01+1.36455247e-02j -1.12874558e+00-5.91927416e-01j\n",
      "   3.19057250e-01-3.37218387e-01j  2.74695082e-01+1.42700827e+00j\n",
      "  -3.57031382e-01-5.19076608e-01j -1.29741621e-01+1.55473399e-02j\n",
      "  -2.23717566e-02-3.59604942e-01j  4.01305569e-01+1.28633077e+00j\n",
      "   1.64632415e+00+7.03208212e-01j  3.80449640e-01+7.02929900e-01j\n",
      "  -3.07913548e-02+6.34821367e-01j  2.17617215e-01+5.79279651e-01j\n",
      "   5.75029767e-01+7.69887403e-01j  7.59675644e-01-1.63554139e-01j\n",
      "   1.84023600e-01-1.74606301e-01j  3.15527576e-01-6.83729001e-01j\n",
      "   9.17793916e-01+4.26335013e-01j -2.42832970e-01-3.78533194e-01j]\n",
      " [ 6.74814306e+00+3.32575267e+00j  6.05423622e+00+2.24669477e+00j\n",
      "  -2.93393707e+00+8.55895850e-01j  9.95149771e-01+3.38658733e-01j\n",
      "  -2.59276318e-01+8.55773087e-01j  2.67243581e+00+2.48930796e+00j\n",
      "   5.76349285e+00+1.84380869e+00j  3.12467752e+00+2.09002820e+00j\n",
      "  -1.33139201e+00-1.11353340e+00j -2.53664175e+00+1.78313049e-01j\n",
      "   2.07683386e+00+7.41205163e-01j -3.24120983e+00-1.02453230e+00j\n",
      "   4.34480394e+00+8.48794440e-01j -3.90161966e+00+6.84678950e-02j\n",
      "  -7.51715527e+00-3.48295902e+00j -3.96755846e-01+5.09527915e-01j\n",
      "  -2.73474114e+00+3.99173213e-01j  1.65756757e+00+1.57495384e+00j\n",
      "  -5.46330410e+00-1.03327878e+00j -2.84259274e+00-1.41085003e+00j\n",
      "  -1.13772227e+00-2.33665082e+00j  6.50909441e-01-9.07192990e-01j\n",
      "  -2.62028578e+00-1.73319848e+00j  2.63972348e+00+5.28307924e-01j]\n",
      " [ 3.74002235e-01+1.48925967e+00j  5.95014412e-01-3.42154217e-01j\n",
      "  -5.80516603e-02-8.09607741e-01j -2.32589673e-01+1.41698648e+00j\n",
      "   3.83202340e-01+2.56161819e-01j  4.37179152e-01-2.00212608e+00j\n",
      "   5.85433643e-01+2.89833489e-01j  1.64470060e-02-1.17381359e+00j\n",
      "  -7.36854397e-02+9.67342990e-01j  3.01999804e-02+8.12642201e-01j\n",
      "   2.53756501e-01+5.21397477e-01j -5.18378246e-01-1.90190270e-01j\n",
      "   6.06721817e-01+2.91402361e-01j -1.37929896e-01-4.49187889e-01j\n",
      "  -6.27822223e-01-2.84029291e-01j  2.18762470e-01-5.20130140e-01j\n",
      "  -1.82347341e-01-4.56043101e-01j  7.26646331e-01+3.42855732e-01j\n",
      "  -4.48409554e-01-3.35460855e-01j -6.31712461e-02+5.51188789e-01j\n",
      "  -3.52621669e-01+1.68485197e+00j  7.77060508e-02+6.55742913e-02j\n",
      "  -1.55702523e-01+3.55498695e-01j  2.95163951e-01+3.27666920e-01j]\n",
      " [ 2.98259935e-01+1.40777562e+00j  4.23191516e-02-5.41269246e-01j\n",
      "   4.30236567e-02-1.28511616e-01j -4.82995581e-01+7.88129249e-02j\n",
      "   2.81894219e-02-6.09766418e-01j  5.30663036e-01+1.99970723e-01j\n",
      "   2.87037220e-01-3.80083827e-02j -1.27664587e-01-1.51075588e-01j\n",
      "  -4.19648067e-01-9.44786604e-01j -3.62085702e-01-7.44587918e-01j\n",
      "  -4.44993460e-01-1.27672065e+00j -3.49478124e-01-2.47693033e-01j\n",
      "   3.18043580e-01-2.75942473e-01j -1.26554431e-01-2.72018524e-01j\n",
      "   1.69982947e-01+8.85511997e-01j  2.47338895e-01+9.02936103e-02j\n",
      "  -3.97018280e-01-6.11641758e-01j  6.73165910e-02-1.19831619e+00j\n",
      "  -3.42018112e-01-2.63127343e-01j -2.67972964e-01-7.73398656e-01j\n",
      "   7.75866140e-02+7.75475167e-01j  1.96117600e-01+1.39045635e-01j\n",
      "   2.90595235e-01+7.13381989e-01j  4.00817660e-02-3.73431277e-01j]\n",
      " [ 3.04331399e-01+1.09016660e+00j -2.64660347e-01-2.40369149e-01j\n",
      "   3.87704509e-01-1.22055968e-01j -7.11697345e-01+5.25066073e-01j\n",
      "   3.00430811e-01-2.09814531e-01j  8.79150092e-02-2.66517368e-01j\n",
      "   2.80142173e-01-1.48286519e-01j  6.99800941e-04-1.50695748e-01j\n",
      "  -3.48283473e-01-2.84598244e-01j  9.87618323e-02-4.87542383e-02j\n",
      "  -3.65126947e-01-4.19004115e-01j -1.05255028e-01-1.44698183e-01j\n",
      "   2.42135512e-01-2.82919525e-01j -1.51987012e-01-3.65897173e-02j\n",
      "  -2.37741235e-01+3.47595868e-01j -2.53325869e-01+1.43515205e-02j\n",
      "  -5.49345070e-01-6.57404284e-02j -6.44372088e-02-5.11378339e-01j\n",
      "   8.93234128e-03+7.79365686e-03j  3.77597199e-01-2.97322626e-01j\n",
      "   5.06791317e-02+4.12063300e-01j  7.95167760e-02-7.70865989e-02j\n",
      "   7.17704322e-01+2.05368876e-01j  4.38242244e-01-2.53357759e-01j]\n",
      " [ 5.90707493e-01+7.26261976e-01j -1.11937909e+00+6.13275453e-01j\n",
      "   1.11743851e+00-8.74414997e-01j -1.33818697e+00+1.43975105e+00j\n",
      "  -4.82474524e-02-2.69349314e-02j  9.30761023e-01-9.53482287e-01j\n",
      "   4.86114593e-01-5.11703327e-01j -1.20385537e-01-1.29355181e-01j\n",
      "   8.63727764e-01-9.41692705e-01j -5.49694663e-01+4.74587711e-01j\n",
      "  -3.52747964e-01-1.48061819e-01j  1.14736109e+00-1.09204667e+00j\n",
      "   5.88652431e-01-6.61878804e-01j  1.31013470e-01-8.36218711e-02j\n",
      "  -9.29157679e-02+3.99727302e-01j -8.14822171e-02+1.21075001e-01j\n",
      "  -8.05592526e-01+5.42756309e-01j  1.28462752e+00-1.31780107e+00j\n",
      "  -2.80473372e-01+2.50463969e-01j  1.94647259e-01-3.38187864e-01j\n",
      "   1.26090794e+00-5.74970287e-01j  1.65219636e-01-1.96345874e-01j\n",
      "   2.87061917e-01+5.32709774e-02j  3.33515798e-01-4.49423750e-01j]\n",
      " [ 1.91696308e-01+1.06894729e+00j  2.07364797e-01-5.92382039e-01j\n",
      "  -2.60251578e-01+4.13138917e-01j  3.89289846e-01-1.16070458e-01j\n",
      "   1.36126124e-01-2.18114853e-01j -2.82167739e-01+1.19136699e-01j\n",
      "  -2.04274707e-01+7.10889713e-02j -2.64514850e-01+1.04959415e-01j\n",
      "  -4.29076896e-01+3.45955108e-01j  2.09936607e-01-1.77534755e-01j\n",
      "  -1.75792096e-01-1.94447914e-01j -5.76234577e-01+6.03366987e-01j\n",
      "  -1.41284181e-01-4.62266112e-02j  2.49363662e-02+4.93996246e-02j\n",
      "   3.19464977e-01-5.04448051e-02j  2.00541667e-01-1.97344049e-01j\n",
      "   1.51184726e-01-2.41249851e-01j -3.06933753e-01+1.48126818e-01j\n",
      "   5.19446487e-02+3.19501351e-02j -1.02388359e-01+7.15694704e-03j\n",
      "  -1.24737272e-01+6.13515292e-01j  2.33069251e-03-8.90429408e-02j\n",
      "   1.48747815e-01+9.00304582e-02j -1.65709810e-01+2.07911394e-02j]]\n"
     ]
    }
   ],
   "source": [
    "# ===============================================================================\n",
    "# Step 4: Construct Filtered Fourier-Transformed States\n",
    "# -------------------------------------------------------------------------------\n",
    "# Choose J filter energies to target the spectrum region of interest.\n",
    "J = 24\n",
    "E_min, E_max = -7, 7\n",
    "E_filters = np.linspace(E_min, E_max, J)\n",
    "# Build filtered states: |ψ_j> = sum_n exp(i n E_j dt) |n>\n",
    "psi = []\n",
    "for E_j in E_filters:\n",
    "    coeffs = np.exp(1j * np.arange(M) * E_j * delta_t)\n",
    "    psi_j = np.sum(coeffs[:, None] * states, axis=0)\n",
    "    psi.append(psi_j)\n",
    "psi = np.array(psi)  # shape (J, n_size)\n",
    "print(f\"Constructed {J} filtered states.\")\n",
    "print(psi)"
   ]
  },
  {
   "cell_type": "code",
   "execution_count": 73,
   "metadata": {},
   "outputs": [
    {
     "name": "stdout",
     "output_type": "stream",
     "text": [
      "Overlap matrix S:\n",
      " [[ 9.33952577e+00+0.00000000e+00j -1.31919290e+00+2.11515600e-01j\n",
      "   2.02263549e+00-6.65721495e-01j  3.92579357e+00-2.02862515e+00j\n",
      "   2.91196785e+00-2.14974781e+00j  8.31464435e+00-8.47450922e+00j\n",
      "  -8.66663452e+00+1.22198108e+01j -3.64852415e+00+7.40295928e+00j\n",
      "  -5.61223131e-01+1.82121636e+00j -4.94723037e-01+3.51212578e+00j\n",
      "   1.60780014e-02+8.44186555e-01j  1.26513427e+00+7.03117434e+00j\n",
      "   4.54717400e-01+1.29779245e+00j  5.59520205e+00+1.03401596e+01j\n",
      "   3.56827564e+00+4.64564259e+00j  1.08119243e+00+1.02112369e+00j\n",
      "  -1.69379886e+00-1.15345020e+00j -2.06898719e+00-9.71172579e-01j\n",
      "   5.91296179e+00+1.69953857e+00j -7.42282624e-01-9.01798693e-02j\n",
      "  -1.03897098e+00+3.95899183e-02j -1.07884857e+00+2.15404978e-01j\n",
      "  -7.78022406e-01+2.89350363e-01j -1.32851315e+00+7.51928168e-01j]\n",
      " [-1.31919290e+00-2.11515600e-01j  6.73648483e+00-1.38777878e-17j\n",
      "   5.70796962e+00-9.15199456e-01j  7.09852819e+00-2.33637886e+00j\n",
      "   4.93300999e+00-2.54909687e+00j  1.24143115e+01-9.16481235e+00j\n",
      "  -1.24767357e+01+1.27166247e+01j -5.27938164e+00+7.44384047e+00j\n",
      "  -7.70807631e-01+1.56399061e+00j -9.76628479e-01+3.16924172e+00j\n",
      "  -1.18754911e-01+8.43061986e-01j  1.41113040e-01+7.40923752e+00j\n",
      "   2.15576402e-01+1.19809834e+00j  3.84688004e+00+1.09792409e+01j\n",
      "   2.48182544e+00+4.58651377e+00j  1.07166244e+00+1.39522872e+00j\n",
      "  -1.47466407e+00-1.39273488e+00j -1.95807698e+00-1.33341941e+00j\n",
      "   6.13682220e+00+2.88059465e+00j -6.40139614e-01-1.83992727e-01j\n",
      "  -9.65497923e-01-1.17298282e-01j -1.05925442e+00+4.03628174e-02j\n",
      "  -7.81357373e-01+1.56007314e-01j -1.39600847e+00+5.19182425e-01j]\n",
      " [ 2.02263549e+00+6.65721495e-01j  5.70796962e+00+9.15199456e-01j\n",
      "   6.29228049e+00+3.46944695e-18j  9.06261923e+00-1.45307434e+00j\n",
      "   5.38913481e+00-1.77375652e+00j  1.66604631e+01-8.60917255e+00j\n",
      "  -1.90479664e+01+1.40620797e+01j -8.16975810e+00+8.32683726e+00j\n",
      "  -1.53126002e+00+2.15905121e+00j -1.73644900e+00+3.52330442e+00j\n",
      "  -4.76694041e-01+1.54691234e+00j -1.15957438e+00+8.23202229e+00j\n",
      "   2.94771492e-02+1.54771806e+00j  2.09767397e+00+1.16581392e+01j\n",
      "   1.58695994e+00+4.52928486e+00j  1.10318941e+00+2.03873864e+00j\n",
      "  -1.09296148e+00-1.42295856e+00j -1.67865905e+00-1.58539633e+00j\n",
      "   6.19066748e+00+4.21574650e+00j -4.98257606e-01-2.33879710e-01j\n",
      "  -8.85415623e-01-2.54491413e-01j -1.07595443e+00-1.30717636e-01j\n",
      "  -8.72976660e-01+3.32647160e-02j -1.56884786e+00+3.13239177e-01j]\n",
      " [ 3.92579357e+00+2.02862515e+00j  7.09852819e+00+2.33637886e+00j\n",
      "   9.06261923e+00+1.45307434e+00j  1.52587821e+01+2.77555756e-17j\n",
      "   2.66322681e+00-4.27014138e-01j  2.24181543e+01-7.37861435e+00j\n",
      "  -3.03593201e+01+1.56879568e+01j -1.29204900e+01+9.53849651e+00j\n",
      "  -3.08971074e+00+3.14911631e+00j -2.95930717e+00+4.17257399e+00j\n",
      "  -1.27993926e+00+2.59703316e+00j -2.83005226e+00+9.18375810e+00j\n",
      "  -2.95933600e-01+2.10088463e+00j  2.31493867e-01+1.21547452e+01j\n",
      "   7.77613045e-01+4.32170167e+00j  9.90731976e-01+2.82761223e+00j\n",
      "  -7.10246418e-01-1.31256410e+00j -1.35669214e+00-1.76631724e+00j\n",
      "   5.95504506e+00+5.62419546e+00j -3.88750251e-01-2.64732764e-01j\n",
      "  -8.41674063e-01-3.95077733e-01j -1.14422838e+00-3.28880912e-01j\n",
      "  -1.04675303e+00-1.27169960e-01j -1.82522354e+00+6.95500185e-02j]\n",
      " [ 2.91196785e+00+2.14974781e+00j  4.93300999e+00+2.54909687e+00j\n",
      "   5.38913481e+00+1.77375652e+00j  2.66322681e+00+4.27014138e-01j\n",
      "   4.14370127e+01+1.11022302e-16j  4.26264868e+01-6.83460847e+00j\n",
      "  -4.97093805e+01+1.63611305e+01j -1.93882800e+01+1.00187520e+01j\n",
      "  -4.94686433e+00+3.65200144e+00j -4.33487961e+00+4.41822593e+00j\n",
      "  -2.45135297e+00+3.45636699e+00j -4.87501450e+00+9.89154309e+00j\n",
      "  -8.18307751e-01+2.65547762e+00j -1.74584111e+00+1.23940328e+01j\n",
      "   7.67917615e-02+4.03200442e+00j  7.02289764e-01+3.90308119e+00j\n",
      "  -2.89635904e-01-8.26639337e-01j -8.61051346e-01-1.59125771e+00j\n",
      "   5.64264401e+00+7.34632354e+00j  4.02796480e-03+3.80417967e-03j\n",
      "  -4.28973827e-01-2.92124382e-01j -7.77554482e-01-3.64980312e-01j\n",
      "  -7.50990763e-01-2.15854222e-01j -1.56797587e+00-1.90493290e-01j]\n",
      " [ 8.31464435e+00+8.47450922e+00j  1.24143115e+01+9.16481235e+00j\n",
      "   1.66604631e+01+8.60917255e+00j  2.24181543e+01+7.37861435e+00j\n",
      "   4.26264868e+01+6.83460847e+00j  1.09642482e+02-8.88178420e-16j\n",
      "  -1.40901229e+02+2.25916984e+01j -4.77774017e+01+1.57252473e+01j\n",
      "  -1.73906608e+01+8.98649692e+00j -1.20379624e+01+8.88697429e+00j\n",
      "  -7.84593892e+00+7.99679205e+00j -9.55830629e+00+1.34770532e+01j\n",
      "  -2.76033276e+00+5.60079369e+00j -4.33157269e+00+1.40563184e+01j\n",
      "  -6.63103288e-01+4.70748678e+00j  1.08519454e-01+5.69788880e+00j\n",
      "   1.42195386e-04+7.90272282e-04j -5.15551970e-01-1.47141819e+00j\n",
      "   4.67338810e+00+8.63661019e+00j -2.14895527e-01-2.79778782e-01j\n",
      "  -8.85527381e-01-8.36329370e-01j -1.55598268e+00-1.05959956e+00j\n",
      "  -1.88408842e+00-8.84381991e-01j -2.97069301e+00-8.53854217e-01j]\n",
      " [-8.66663452e+00-1.22198108e+01j -1.24767357e+01-1.27166247e+01j\n",
      "  -1.90479664e+01-1.40620797e+01j -3.03593201e+01-1.56879568e+01j\n",
      "  -4.97093805e+01-1.63611305e+01j -1.40901229e+02-2.25916984e+01j\n",
      "   2.38904705e+02+0.00000000e+00j  3.63441619e+01-5.82731854e+00j\n",
